date,open,high,low,close,volume,openinterest
2011-01-03,61.6,61.65,61.45,61.45,1058,0
2011-01-04,61.55,61.6,61.3,61.3,996,0
2011-01-05,61.1,61.35,59.9,60.3,2368,0
2011-01-06,60.25,60.3,59.95,60.2,896,0
2011-01-07,60.25,60.35,59.4,59.65,1702,0
2011-01-10,59.75,59.9,59.55,59.85,711,0
2011-01-11,59.7,61.0,59.7,60.85,1484,0
2011-01-12,61.0,61.25,60.9,61.1,995,0
2011-01-13,61.25,61.4,60.8,61.05,1350,0
2011-01-14,60.95,61.1,60.8,61.0,477,0
2011-01-17,61.15,61.25,60.7,60.85,1033,0
2011-01-18,60.55,61.55,60.5,61.35,1145,0
2011-01-19,61.35,62.15,61.35,62.05,1788,0
2011-01-20,62.0,62.0,61.6,61.65,923,0
2011-01-21,61.1,61.45,60.55,61.0,1403,0
2011-01-24,61.0,61.2,60.9,60.95,789,0
2011-01-25,61.45,61.7,61.4,61.45,1437,0
2011-01-26,61.45,62.1,61.45,62.0,1253,0
2011-01-27,62.05,62.7,62.05,62.45,2070,0
2011-01-28,62.5,63.0,62.45,63.0,1615,0
2011-02-08,63.05,63.2,62.4,62.6,1530,0
2011-02-09,62.5,62.6,61.7,62.0,1461,0
2011-02-10,61.6,61.6,60.75,60.85,2936,0
2011-02-11,60.4,60.4,58.5,58.9,6551,0
2011-02-14,59.05,59.65,59.05,59.4,2112,0
2011-02-15,59.4,59.9,58.65,59.75,1708,0
2011-02-16,59.8,60.1,59.6,59.85,2034,0
2011-02-17,59.75,59.8,59.4,59.65,932,0
2011-02-18,60.0,60.85,59.95,60.65,1772,0
2011-02-21,60.4,60.8,60.15,60.65,1247,0
2011-02-22,60.3,60.3,59.3,59.85,4044,0
2011-02-23,59.45,59.7,58.8,59.0,3513,0
2011-02-24,59.0,59.55,59.0,59.0,2306,0
2011-02-25,59.3,59.65,58.45,59.5,2775,0
2011-03-01,59.7,60.05,59.5,59.95,1312,0
2011-03-02,59.45,59.9,59.4,59.45,2063,0
2011-03-03,59.55,60.3,59.5,60.2,2050,0
2011-03-04,60.5,60.7,60.4,60.65,1684,0
2011-03-07,60.5,60.5,60.0,60.2,1036,0
2011-03-08,60.05,60.4,60.05,60.25,497,0
2011-03-09,60.55,60.65,60.0,60.2,1133,0
2011-03-10,60.15,60.25,59.3,59.5,1786,0
2011-03-11,59.05,59.05,58.4,58.85,3609,0
2011-03-14,58.6,58.9,57.65,58.8,3148,0
2011-03-15,58.7,58.7,55.6,57.5,9032,0
2011-03-16,58.0,58.05,57.25,57.3,3615,0
2011-03-17,56.8,57.3,56.5,57.3,2690,0
2011-03-18,57.7,57.8,57.35,57.75,1849,0
2011-03-21,57.9,58.5,57.8,58.1,2210,0
2011-03-22,58.5,58.7,58.35,58.4,2310,0
2011-03-23,58.4,58.65,58.15,58.5,1335,0
2011-03-24,58.85,59.0,58.55,58.75,1355,0
2011-03-25,59.05,59.65,59.05,59.35,2377,0
2011-03-28,59.25,59.3,58.85,59.15,991,0
2011-03-29,58.9,59.3,58.75,59.25,1010,0
2011-03-30,59.4,59.8,59.25,59.6,1406,0
2011-03-31,59.5,59.7,59.1,59.55,932,0
2011-04-01,59.6,59.85,59.6,59.85,1164,0
2011-04-06,60.0,61.4,60.0,61.15,3989,0
2011-04-07,61.35,61.4,60.95,61.3,2846,0
2011-04-08,61.25,61.5,61.0,61.1,1473,0
2011-04-11,61.1,61.2,60.75,61.1,1148,0
2011-04-12,60.8,60.8,59.85,60.05,2007,0
2011-04-13,59.9,60.4,59.75,60.4,1018,0
2011-04-14,60.45,60.7,60.05,60.35,1051,0
2011-04-15,60.4,60.45,59.6,59.65,884,0
2011-04-18,59.75,59.95,59.45,59.55,833,0
2011-04-19,59.35,59.35,58.8,59.2,2241,0
2011-04-20,59.5,60.35,59.5,60.3,1726,0
2011-04-21,60.95,61.8,60.95,61.7,4141,0
2011-04-22,61.8,61.8,61.45,61.6,3340,0
2011-04-25,61.9,62.0,61.25,61.45,2595,0
2011-04-26,60.9,61.35,60.7,61.2,2384,0
2011-04-27,61.75,62.25,61.75,62.15,3460,0
2011-04-28,62.25,62.5,62.0,62.15,2312,0
2011-04-29,62.0,62.4,61.65,62.0,2559,0
2011-05-03,62.2,62.3,61.5,62.15,1727,0
2011-05-04,61.6,61.8,61.1,61.8,1522,0
2011-05-05,61.4,62.35,61.3,62.25,2059,0
2011-05-06,61.9,62.05,61.65,61.95,2180,0
2011-05-09,62.1,62.6,61.9,62.3,1490,0
2011-05-10,62.3,62.3,62.05,62.3,823,0
2011-05-11,62.5,62.5,61.95,62.05,1013,0
2011-05-12,61.7,62.4,61.55,62.25,1815,0
2011-05-13,62.25,62.25,61.9,62.05,1097,0
2011-05-16,61.95,61.95,61.25,61.3,1945,0
2011-05-17,61.2,61.45,60.95,61.25,1892,0
2011-05-18,61.2,61.6,61.15,61.6,675,0
2011-05-19,61.6,62.1,61.05,61.05,1538,0
2011-05-20,61.25,61.5,60.9,61.1,1903,0
2011-05-23,60.8,60.8,60.0,60.35,3025,0
2011-05-24,60.3,60.45,60.05,60.45,1546,0
2011-05-25,60.1,60.4,59.8,60.25,2224,0
2011-05-26,60.35,60.85,60.2,60.85,1141,0
2011-05-27,60.65,61.0,60.5,60.6,1054,0
2011-05-30,60.4,60.75,60.0,60.5,882,0
2011-05-31,60.8,62.0,60.8,62.0,1902,0
2011-06-01,62.0,62.45,61.85,62.35,2626,0
2011-06-02,62.0,62.15,61.8,61.9,1823,0
2011-06-03,62.0,62.25,61.75,62.2,855,0
2011-06-07,61.9,62.25,61.55,62.2,807,0
2011-06-08,62.05,62.25,61.85,62.0,769,0
2011-06-09,61.8,62.1,61.8,62.0,579,0
2011-06-10,62.15,62.2,60.5,60.55,2903,0
2011-06-13,60.25,60.25,59.6,59.75,3490,0
2011-06-14,60.0,60.75,59.8,60.75,1684,0
2011-06-15,60.7,60.7,59.8,60.5,1949,0
2011-06-16,59.9,59.9,59.3,59.4,3563,0
2011-06-17,59.6,59.7,59.0,59.2,2525,0
2011-06-20,59.4,59.5,58.55,58.6,2981,0
2011-06-21,59.0,59.2,58.65,59.05,2302,0
2011-06-22,59.5,59.5,58.8,59.2,1549,0
2011-06-23,58.95,59.1,58.6,58.65,1985,0
2011-06-24,58.7,58.7,58.0,58.2,5304,0
2011-06-27,57.5,57.85,57.2,57.8,5801,0
2011-06-28,58.05,58.15,57.5,57.65,2772,0
2011-06-29,58.0,58.75,57.9,58.65,2700,0
2011-06-30,58.8,59.0,58.55,58.85,1761,0
2011-07-01,59.2,59.8,59.2,59.7,3077,0
2011-07-04,59.9,60.2,59.9,60.05,3528,0
2011-07-05,60.0,60.1,59.75,59.95,1454,0
2011-07-06,60.0,60.7,60.0,60.6,2587,0
2011-07-07,60.7,60.7,60.15,60.35,1364,0
2011-07-08,60.5,60.7,59.9,60.05,1639,0
2011-07-11,59.85,59.95,59.4,59.65,1856,0
2011-07-12,59.1,59.1,58.45,58.7,7229,0
2011-07-13,58.65,59.0,58.45,58.7,3621,0
2011-07-14,59.0,59.05,58.45,58.9,3576,0
2011-07-15,59.0,59.25,58.7,59.2,2571,0
2011-07-18,59.15,59.2,58.4,59.0,2301,0
2011-07-19,58.85,59.05,58.65,58.9,1663,0
2011-07-20,59.5,60.5,59.5,60.45,4232,0
2011-07-21,60.45,60.6,60.35,60.6,1748,0
2011-07-22,60.85,61.15,60.8,61.0,2823,0
2011-07-25,60.5,60.85,60.2,60.4,1591,0
2011-07-26,60.5,61.3,60.5,61.2,2096,0
2011-07-27,61.2,61.45,61.05,61.35,1527,0
2011-07-28,60.8,61.0,60.5,60.85,1428,0
2011-07-29,60.75,60.9,59.9,59.9,2361,0
2011-08-01,60.5,60.5,60.15,60.35,1369,0
2011-08-02,59.9,59.9,59.4,59.55,3306,0
2011-08-03,58.85,58.85,58.2,58.6,8155,0
2011-08-04,58.6,58.85,57.8,57.85,7316,0
2011-08-05,55.7,55.7,54.45,54.45,17533,0
2011-08-08,54.3,54.65,51.4,53.5,13690,0
2011-08-09,51.0,53.5,50.4,53.0,22250,0
2011-08-10,53.95,54.25,53.4,54.1,11360,0
2011-08-11,53.2,54.5,52.7,54.1,7525,0
2011-08-12,54.7,54.85,53.4,53.55,6365,0
2011-08-15,54.2,54.6,54.1,54.6,3732,0
2011-08-16,54.8,55.0,54.1,54.35,3491,0
2011-08-17,54.35,54.5,53.8,53.95,3199,0
2011-08-18,53.4,53.45,52.65,52.95,6953,0
2011-08-19,51.8,51.9,51.1,51.1,10323,0
2011-08-22,51.3,52.45,51.05,51.5,6591,0
2011-08-23,52.1,53.35,51.75,53.3,5648,0
2011-08-24,53.4,53.4,52.1,52.6,5644,0
2011-08-25,53.2,53.3,52.35,52.35,4069,0
2011-08-26,52.8,53.25,52.6,53.05,3882,0
2011-08-29,53.1,54.1,53.1,53.8,4993,0
2011-08-30,54.0,54.4,53.85,54.2,3354,0
2011-08-31,54.1,54.6,53.9,54.55,3878,0
2011-09-01,55.05,56.1,55.05,55.15,7452,0
2011-09-02,55.15,55.3,54.65,55.15,3008,0
2011-09-05,53.95,53.95,53.4,53.6,5621,0
2011-09-06,53.3,53.35,52.3,52.55,7826,0
2011-09-07,53.35,53.6,52.9,53.55,3503,0
2011-09-08,54.0,54.15,53.45,53.7,3393,0
2011-09-09,53.55,54.75,53.55,54.15,4202,0
2011-09-13,53.6,53.75,52.55,52.65,7669,0
2011-09-14,53.15,53.2,51.3,51.6,10867,0
2011-09-15,52.7,53.05,52.3,52.85,5136,0
2011-09-16,53.5,54.15,53.5,54.1,7576,0
2011-09-19,53.85,53.85,53.05,53.2,3632,0
2011-09-20,53.35,53.7,52.5,53.4,3904,0
2011-09-21,53.4,53.95,53.0,53.6,2630,0
2011-09-22,52.6,52.6,51.85,52.1,9539,0
2011-09-23,50.5,50.85,49.93,50.35,18626,0
2011-09-26,50.25,50.3,49.3,49.32,12128,0
2011-09-27,50.5,51.15,50.5,51.1,8296,0
2011-09-28,51.2,51.3,50.9,51.15,4857,0
2011-09-29,50.65,51.75,50.6,51.6,4286,0
2011-09-30,51.45,51.9,51.25,51.65,3030,0
2011-10-03,50.75,51.0,50.15,50.3,7241,0
2011-10-04,49.9,50.75,49.5,50.75,5075,0
2011-10-05,50.9,50.95,50.2,50.25,3858,0
2011-10-06,51.15,51.55,51.0,51.25,5356,0
2011-10-07,51.8,52.15,51.5,51.55,5557,0
2011-10-11,52.75,53.0,52.7,53.0,6578,0
2011-10-12,52.85,53.1,52.5,52.85,3332,0
2011-10-13,53.2,53.2,52.65,52.8,2737,0
2011-10-14,52.6,52.9,52.45,52.45,2315,0
2011-10-17,53.1,53.45,52.8,53.1,3377,0
2011-10-18,52.5,52.7,52.2,52.55,3396,0
2011-10-19,52.6,52.75,52.3,52.35,2457,0
2011-10-20,52.55,52.65,51.75,51.75,4864,0
2011-10-21,51.8,51.95,51.55,51.95,3026,0
2011-10-24,52.45,53.6,52.45,53.6,6602,0
2011-10-25,53.65,53.7,53.45,53.6,4519,0
2011-10-26,51.6,52.15,51.3,52.15,5405,0
2011-10-27,52.15,52.3,51.75,52.25,3549,0
2011-10-28,53.4,53.45,52.35,52.4,5670,0
2011-10-31,52.8,52.95,52.1,52.2,3056,0
2011-11-01,52.2,52.85,51.85,52.55,2708,0
2011-11-02,51.6,52.5,51.45,52.4,4930,0
2011-11-03,52.0,52.0,51.45,51.45,7694,0
2011-11-04,52.2,52.6,52.1,52.3,4632,0
2011-11-07,52.3,52.55,52.15,52.4,1403,0
2011-11-08,52.4,52.85,52.15,52.15,3079,0
2011-11-09,52.5,52.6,52.1,52.2,1825,0
2011-11-10,51.25,51.25,50.2,50.55,15853,0
2011-11-11,50.65,51.05,50.5,50.9,4281,0
2011-11-14,51.75,52.25,51.75,52.15,6327,0
2011-11-15,52.05,52.1,51.75,51.85,2021,0
2011-11-16,52.15,52.3,51.1,51.2,4562,0
2011-11-17,50.9,51.35,50.5,51.35,4331,0
2011-11-18,50.7,50.8,50.25,50.3,10948,0
2011-11-21,49.9,49.9,49.12,49.23,15116,0
2011-11-22,49.23,49.47,48.83,49.02,8220,0
2011-11-23,48.8,48.86,47.7,47.85,15485,0
2011-11-24,47.8,48.03,47.28,47.86,8808,0
2011-11-25,48.24,48.46,47.05,47.44,8112,0
2011-11-28,48.08,48.3,47.85,48.29,4460,0
2011-11-29,48.75,48.75,48.2,48.72,4492,0
2011-11-30,48.5,48.53,47.75,48.08,4175,0
2011-12-01,49.6,50.6,49.6,50.3,12683,0
2011-12-02,50.1,50.25,49.6,49.82,3499,0
2011-12-05,49.82,49.82,49.2,49.66,2772,0
2011-12-06,49.5,49.5,48.67,48.69,5428,0
2011-12-07,49.0,49.33,49.0,49.2,3116,0
2011-12-08,49.01,49.01,48.4,48.86,4111,0
2011-12-09,48.0,48.63,48.0,48.24,5042,0
2011-12-12,48.94,49.09,48.63,48.8,2920,0
2011-12-13,48.37,48.78,48.17,48.55,2661,0
2011-12-14,48.54,48.6,48.17,48.59,1733,0
2011-12-15,48.01,48.01,47.5,47.5,7274,0
2011-12-16,47.65,47.81,47.45,47.7,3098,0
2011-12-19,47.4,47.4,46.61,46.74,7347,0
2011-12-20,47.05,47.27,46.91,47.0,2779,0
2011-12-21,48.55,49.3,48.55,49.28,9985,0
2011-12-22,49.27,49.32,48.99,49.16,4669,0
2011-12-23,49.89,50.25,49.79,50.0,8472,0
2011-12-26,50.0,50.05,49.8,49.95,3007,0
2011-12-27,49.85,50.0,49.62,49.85,3212,0
2011-12-28,49.75,49.87,49.52,49.57,2542,0
2011-12-29,49.5,49.72,49.22,49.61,3549,0
2011-12-30,50.0,50.15,49.59,49.81,3238,0
2012-01-02,49.45,49.6,48.94,49.06,3354,0
2012-01-03,49.5,49.95,49.4,49.7,4056,0
2012-01-04,49.9,50.15,49.78,50.0,3962,0
2012-01-05,50.1,50.15,49.91,50.15,2806,0
2012-01-06,50.1,50.25,49.85,50.0,2878,0
2012-01-09,49.9,49.95,49.63,49.81,1838,0
2012-01-10,50.2,50.7,50.2,50.7,5600,0
2012-01-11,50.7,50.8,50.6,50.65,2539,0
2012-01-12,50.7,50.85,50.5,50.75,3455,0
2012-01-13,51.15,51.25,50.75,50.85,7166,0
2012-01-16,51.05,51.1,49.75,50.05,4870,0
2012-01-17,50.35,50.6,50.1,50.55,3024,0
2012-01-18,50.55,50.75,50.3,50.4,3124,0
2012-01-30,51.4,52.3,51.4,51.8,8214,0
2012-01-31,52.0,52.4,51.75,51.95,4022,0
2012-02-01,52.2,52.5,52.0,52.3,3708,0
2012-02-02,52.7,52.95,52.5,52.9,4181,0
2012-02-03,52.95,53.05,52.75,53.05,3992,0
2012-02-04,53.35,53.8,53.35,53.65,6489,0
2012-02-06,53.5,53.5,53.15,53.2,3632,0
2012-02-07,53.3,53.6,53.05,53.3,2525,0
2012-02-08,53.5,54.45,53.5,54.45,5878,0
2012-02-09,54.05,54.4,53.9,54.4,3922,0
2012-02-10,54.25,54.55,53.95,53.95,2740,0
2012-02-13,54.0,54.35,53.75,54.2,3974,0
2012-02-14,54.05,54.25,53.6,54.0,2127,0
2012-02-15,54.3,55.0,54.2,54.9,5673,0
2012-02-16,54.65,54.85,54.2,54.25,2852,0
2012-02-17,54.8,55.2,54.35,54.75,3613,0
2012-02-20,54.8,55.05,54.5,54.7,2425,0
2012-02-21,54.5,54.75,54.0,54.5,2499,0
2012-02-22,54.3,55.1,54.2,54.85,3124,0
2012-02-23,54.55,54.75,54.4,54.6,1027,0
2012-02-24,54.6,54.85,54.25,54.75,1304,0
2012-02-29,55.25,56.0,55.25,56.0,4957,0
2012-03-01,55.95,56.2,55.85,55.9,2732,0
2012-03-02,56.0,56.1,55.55,55.6,1494,0
2012-03-03,55.5,55.55,55.3,55.4,1350,0
2012-03-05,55.3,55.35,54.8,54.85,2770,0
2012-03-06,54.9,55.05,54.1,54.6,2983,0
2012-03-07,54.0,54.5,54.0,54.4,1509,0
2012-03-08,54.4,54.9,54.15,54.7,2019,0
2012-03-09,54.7,55.05,54.45,54.95,1680,0
2012-03-12,55.0,55.0,54.35,54.35,1853,0
2012-03-13,54.6,55.3,54.6,55.1,2204,0
2012-03-14,56.05,56.2,55.75,55.9,3640,0
2012-03-15,55.75,55.9,55.5,55.65,1224,0
2012-03-16,55.5,55.7,55.4,55.4,1396,0
2012-03-19,55.45,55.65,54.8,55.25,1368,0
2012-03-20,55.35,55.35,54.7,54.85,1134,0
2012-03-21,54.85,55.2,54.8,54.85,1125,0
2012-03-22,54.95,55.75,54.95,55.6,2142,0
2012-03-23,55.45,55.6,55.3,55.45,741,0
2012-03-26,55.0,55.25,54.45,54.55,2187,0
2012-03-27,54.8,55.25,54.75,55.25,1486,0
2012-03-28,55.45,55.85,55.2,55.45,1798,0
2012-03-29,55.2,55.2,54.35,54.7,2530,0
2012-03-30,54.5,54.9,54.2,54.9,1591,0
2012-04-02,54.9,54.9,54.5,54.7,893,0
2012-04-03,54.85,54.9,54.1,54.25,1851,0
2012-04-05,53.45,53.8,53.05,53.65,2882,0
2012-04-06,53.6,53.85,53.4,53.75,2175,0
2012-04-09,53.0,53.5,52.7,53.1,2422,0
2012-04-10,53.55,53.6,52.9,53.1,1393,0
2012-04-11,52.7,53.45,52.7,53.3,1502,0
2012-04-12,53.05,53.4,52.85,53.35,1141,0
2012-04-13,53.8,54.05,53.65,53.95,1702,0
2012-04-16,53.45,53.8,53.45,53.8,1055,0
2012-04-17,53.9,53.9,52.9,52.9,2871,0
2012-04-18,53.5,53.5,52.95,53.0,1335,0
2012-04-19,53.05,53.2,52.5,53.05,1843,0
2012-04-20,52.9,52.95,52.3,52.35,2520,0
2012-04-23,52.3,52.4,51.85,52.3,2461,0
2012-04-24,52.25,52.65,52.05,52.4,1157,0
2012-04-25,52.6,52.8,52.45,52.7,823,0
2012-04-26,52.8,52.85,52.2,52.3,1176,0
2012-04-27,52.6,53.05,52.1,52.2,1786,0
2012-04-30,52.1,52.1,51.65,52.05,1652,0
2012-05-02,52.25,53.35,52.2,53.35,2402,0
2012-05-03,53.25,53.25,52.95,53.1,1156,0
2012-05-04,52.8,53.3,52.65,53.2,1363,0
2012-05-07,52.45,52.45,51.85,52.05,4255,0
2012-05-08,52.2,52.25,51.9,52.05,1509,0
2012-05-09,51.65,51.85,51.35,51.7,2669,0
2012-05-10,51.6,52.0,51.55,51.7,1324,0
2012-05-11,51.6,51.6,51.05,51.15,3305,0
2012-05-14,51.3,51.3,50.95,51.2,1571,0
2012-05-15,50.9,51.2,50.55,51.2,2185,0
2012-05-16,51.0,51.1,50.1,50.2,4708,0
2012-05-17,50.25,50.85,50.25,50.8,1754,0
2012-05-18,50.05,50.25,49.62,49.67,6960,0
2012-05-21,49.95,50.05,49.74,49.95,2153,0
2012-05-22,50.35,50.4,50.05,50.4,1646,0
2012-05-23,49.9,49.9,49.39,49.49,4183,0
2012-05-24,49.55,49.69,49.15,49.38,2512,0
2012-05-25,49.45,49.45,48.95,49.01,3488,0
2012-05-28,49.01,49.47,48.85,49.47,1890,0
2012-05-29,49.6,50.8,49.6,50.7,4182,0
2012-05-30,50.35,50.35,49.83,50.1,3530,0
2012-05-31,49.55,50.15,49.24,50.15,3045,0
2012-06-01,49.85,49.85,49.1,49.15,4151,0
2012-06-04,48.2,48.2,47.45,47.68,10311,0
2012-06-05,48.42,48.45,48.04,48.3,3003,0
2012-06-06,48.4,48.72,48.22,48.63,2064,0
2012-06-07,49.1,49.12,48.63,48.74,2293,0
2012-06-08,48.57,48.6,47.9,48.0,3336,0
2012-06-11,48.86,49.07,48.65,48.99,2170,0
2012-06-12,48.1,48.61,48.1,48.61,1314,0
2012-06-13,48.61,48.83,48.46,48.71,1485,0
2012-06-14,48.71,49.0,48.63,48.78,1230,0
2012-06-15,48.78,49.4,48.68,49.4,1968,0
2012-06-18,50.4,50.5,50.0,50.2,3083,0
2012-06-19,50.0,50.1,49.86,49.91,1385,0
2012-06-20,50.15,50.45,50.15,50.45,2133,0
2012-06-21,50.2,50.3,49.88,50.15,1334,0
2012-06-22,49.2,49.62,49.2,49.56,2197,0
2012-06-25,49.04,49.29,49.03,49.2,1899,0
2012-06-26,49.0,49.1,48.85,48.99,2307,0
2012-06-27,48.88,49.5,48.86,49.45,1437,0
2012-06-28,49.7,49.75,49.43,49.53,1881,0
2012-06-29,49.48,50.3,49.35,50.2,2362,0
2012-07-02,50.5,50.7,50.3,50.6,2051,0
2012-07-03,50.8,51.5,50.75,51.2,3842,0
2012-07-04,51.45,51.75,51.25,51.4,1955,0
2012-07-05,51.45,51.65,51.25,51.3,1280,0
2012-07-06,51.45,51.55,50.95,51.0,1554,0
2012-07-09,50.8,51.05,50.65,50.95,1268,0
2012-07-10,50.95,51.0,50.3,50.4,2127,0
2012-07-11,50.3,50.55,50.15,50.55,1032,0
2012-07-12,50.45,50.5,49.55,49.65,3923,0
2012-07-13,49.5,49.7,49.35,49.5,1917,0
2012-07-16,49.75,49.8,49.25,49.5,1729,0
2012-07-17,49.5,50.05,49.4,49.85,1513,0
2012-07-18,49.8,49.8,49.18,49.2,2579,0
2012-07-19,49.7,50.3,49.66,50.2,2686,0
2012-07-20,50.15,50.25,49.95,50.15,1021,0
2012-07-23,49.65,49.7,49.04,49.25,4630,0
2012-07-24,49.2,49.2,48.89,49.12,3652,0
2012-07-25,48.82,49.21,48.51,48.86,3469,0
2012-07-26,49.33,49.33,48.78,48.94,2070,0
2012-07-27,49.5,49.95,49.35,49.92,2979,0
2012-07-30,50.0,50.55,50.0,50.25,2671,0
2012-07-31,50.5,51.1,50.1,51.1,3749,0
2012-08-01,50.9,51.3,50.8,51.2,2186,0
2012-08-03,50.75,50.9,50.55,50.9,1509,0
2012-08-06,51.9,52.0,51.45,51.55,2735,0
2012-08-07,51.6,51.65,51.4,51.6,1604,0
2012-08-08,51.95,52.2,51.7,51.75,2585,0
2012-08-09,52.1,52.9,52.1,52.85,4939,0
2012-08-10,52.85,53.05,52.75,52.8,2465,0
2012-08-13,53.0,53.25,52.95,53.0,2697,0
2012-08-14,53.1,53.55,53.0,53.25,2613,0
2012-08-15,53.2,53.4,52.95,53.05,1776,0
2012-08-16,53.1,53.5,53.0,53.2,1596,0
2012-08-17,53.35,53.35,52.95,52.95,1068,0
2012-08-20,52.85,53.05,52.55,52.8,1891,0
2012-08-21,52.95,53.8,52.95,53.4,3023,0
2012-08-22,53.35,53.4,53.0,53.35,2065,0
2012-08-23,53.2,53.5,53.15,53.3,976,0
2012-08-24,53.0,53.2,52.95,53.1,1213,0
2012-08-27,53.45,53.55,53.0,53.2,1043,0
2012-08-28,52.95,52.95,52.45,52.5,2474,0
2012-08-29,52.4,52.8,52.4,52.7,767,0
2012-08-30,52.45,52.7,52.4,52.55,819,0
2012-08-31,52.5,52.85,52.45,52.75,755,0
2012-09-03,52.7,53.25,52.7,53.15,1677,0
2012-09-04,53.15,53.3,53.0,53.05,787,0
2012-09-05,52.9,52.9,52.35,52.35,1816,0
2012-09-06,52.3,52.5,51.9,52.15,1469,0
2012-09-07,53.1,53.2,52.8,52.95,1654,0
2012-09-10,52.95,53.35,52.9,53.35,1494,0
2012-09-11,53.35,53.5,53.25,53.3,1189,0
2012-09-12,53.75,54.15,53.75,54.05,3689,0
2012-09-13,54.2,54.3,54.05,54.15,1925,0
2012-09-14,54.8,55.6,54.8,55.5,6519,0
2012-09-17,55.5,55.8,55.35,55.6,3678,0
2012-09-18,55.5,55.6,55.25,55.4,2131,0
2012-09-19,55.45,55.75,55.35,55.65,2538,0
2012-09-20,55.55,55.65,55.1,55.25,2088,0
2012-09-21,55.35,55.6,55.35,55.45,1544,0
2012-09-24,55.3,55.7,54.95,55.5,1441,0
2012-09-25,55.6,55.65,55.25,55.3,1106,0
2012-09-26,54.9,55.15,54.75,54.9,1406,0
2012-09-27,54.8,55.15,54.8,55.1,1134,0
2012-09-28,55.25,55.35,54.8,55.15,949,0
2012-10-01,55.0,55.1,54.75,55.0,989,0
2012-10-02,55.1,55.35,54.95,55.25,1438,0
2012-10-03,55.25,55.3,54.9,55.0,950,0
2012-10-04,55.0,55.1,54.5,55.05,1871,0
2012-10-05,55.0,55.3,55.0,55.1,1497,0
2012-10-08,55.0,55.05,54.55,54.65,1440,0
2012-10-09,54.75,54.75,54.4,54.4,1469,0
2012-10-11,53.7,53.7,53.2,53.3,4471,0
2012-10-12,53.3,53.4,52.9,53.15,2406,0
2012-10-15,53.05,53.25,53.0,53.25,1814,0
2012-10-16,53.4,53.5,53.3,53.5,2023,0
2012-10-17,53.9,53.9,53.3,53.4,2578,0
2012-10-18,53.7,53.8,53.45,53.65,1356,0
2012-10-19,53.6,53.6,53.05,53.25,2756,0
2012-10-22,52.6,52.9,52.4,52.9,2780,0
2012-10-23,52.9,53.1,52.65,52.9,3071,0
2012-10-24,50.55,51.0,50.45,51.0,4736,0
2012-10-25,50.95,50.95,50.45,50.5,3878,0
2012-10-26,50.7,50.75,49.87,49.91,5996,0
2012-10-29,49.99,50.2,49.87,50.0,4446,0
2012-10-30,50.3,50.65,50.2,50.45,2234,0
2012-10-31,50.7,50.7,50.2,50.4,1963,0
2012-11-01,50.1,50.55,49.6,50.35,4165,0
2012-11-02,50.7,50.7,50.5,50.7,1722,0
2012-11-05,50.55,50.7,50.3,50.5,1684,0
2012-11-06,50.65,50.95,50.4,50.9,1633,0
2012-11-07,50.9,51.2,50.65,51.15,2302,0
2012-11-08,50.6,50.75,50.5,50.75,1959,0
2012-11-09,50.35,51.3,50.25,51.1,2177,0
2012-11-12,51.3,51.3,50.85,50.9,2015,0
2012-11-13,51.0,51.0,50.0,50.05,4737,0
2012-11-14,49.95,50.25,49.82,50.15,2128,0
2012-11-15,50.0,50.25,49.5,50.0,3427,0
2012-11-16,49.95,50.35,49.78,49.94,2788,0
2012-11-19,50.3,50.35,50.05,50.25,1287,0
2012-11-20,50.7,50.7,50.25,50.35,1411,0
2012-11-21,50.45,50.5,49.7,49.97,2986,0
2012-11-22,50.3,50.35,50.1,50.2,1231,0
2012-11-23,50.55,51.8,50.5,51.7,6105,0
2012-11-26,51.8,52.3,51.8,52.2,4681,0
2012-11-27,52.2,52.5,52.0,52.4,2777,0
2012-11-28,52.4,52.5,52.2,52.45,1537,0
2012-11-29,52.65,53.1,52.65,53.1,4414,0
2012-11-30,53.1,53.7,53.0,53.55,5492,0
2012-12-03,53.55,53.8,53.2,53.5,2355,0
2012-12-04,53.05,53.45,53.05,53.45,1883,0
2012-12-05,53.3,53.8,53.1,53.75,2378,0
2012-12-06,53.75,53.75,53.45,53.6,1265,0
2012-12-07,53.65,54.05,53.65,53.9,2555,0
2012-12-10,53.9,54.05,53.5,53.7,1325,0
2012-12-11,53.65,53.8,53.3,53.65,1489,0
2012-12-12,53.8,54.3,53.8,54.1,3439,0
2012-12-13,54.3,54.8,54.25,54.7,3521,0
2012-12-14,54.6,54.6,54.2,54.2,1973,0
2012-12-17,54.2,54.2,53.4,53.5,2048,0
2012-12-18,53.75,53.75,53.4,53.55,971,0
2012-12-19,53.95,53.95,53.6,53.7,999,0
2012-12-20,53.35,53.5,53.05,53.05,1720,0
2012-12-21,53.05,53.2,52.4,52.8,3397,0
2012-12-22,52.6,53.0,52.6,52.95,1454,0
2012-12-24,52.9,53.05,52.65,52.7,1036,0
2012-12-25,52.75,53.7,52.75,53.6,2272,0
2012-12-26,53.6,53.75,53.4,53.5,1633,0
2012-12-27,53.2,53.6,53.2,53.45,1744,0
2012-12-28,53.7,53.95,53.65,53.8,2088,0
2013-01-02,54.0,54.65,53.9,54.4,3320,0
2013-01-03,54.9,55.05,54.65,54.85,5427,0
2013-01-04,54.85,54.85,54.4,54.5,2058,0
2013-01-07,54.55,54.55,53.9,54.25,2039,0
2013-01-08,54.0,54.2,53.65,53.9,1821,0
2013-01-09,53.75,54.3,53.75,54.1,1450,0
2013-01-10,54.3,54.65,54.15,54.5,2121,0
2013-01-11,54.7,54.8,54.35,54.45,1246,0
2013-01-14,54.0,54.5,53.8,54.5,1728,0
2013-01-15,54.2,54.45,53.9,54.0,1605,0
2013-01-16,54.05,54.05,53.7,53.7,1769,0
2013-01-17,53.9,54.2,53.2,53.3,2611,0
2013-01-18,53.95,53.95,53.7,53.95,1210,0
2013-01-21,53.95,54.05,53.55,53.9,1007,0
2013-01-22,54.3,54.3,53.7,54.05,1340,0
2013-01-23,54.2,54.3,53.9,54.0,949,0
2013-01-24,53.75,53.9,53.25,53.7,2174,0
2013-01-25,53.65,53.7,53.2,53.5,2047,0
2013-01-28,53.7,53.95,53.65,53.75,1422,0
2013-01-29,53.95,54.5,53.95,54.5,2958,0
2013-01-30,54.5,54.75,54.45,54.6,2765,0
2013-01-31,54.5,54.6,54.3,54.6,1555,0
2013-02-01,54.7,54.85,54.6,54.8,2498,0
2013-02-04,54.85,55.4,54.85,55.2,4899,0
2013-02-05,54.9,55.1,54.9,55.0,2022,0
2013-02-06,55.2,55.5,55.2,55.4,3827,0
2013-02-18,55.5,55.9,55.45,55.6,2829,0
2013-02-19,55.6,55.75,55.55,55.65,1926,0
2013-02-20,55.9,56.2,55.9,56.1,3536,0
2013-02-21,55.9,56.05,55.7,55.7,2162,0
2013-02-22,55.6,55.85,55.35,55.5,1907,0
2013-02-23,55.7,55.9,55.65,55.8,886,0
2013-02-25,55.8,55.8,55.55,55.7,921,0
2013-02-26,55.25,55.4,55.05,55.1,1683,0
2013-02-27,55.05,55.2,54.95,55.2,1056,0
2013-03-01,55.35,55.55,55.3,55.4,1133,0
2013-03-04,55.4,55.45,54.7,54.75,2853,0
2013-03-05,54.9,55.35,54.9,55.2,1337,0
2013-03-06,55.7,55.75,55.2,55.45,1132,0
2013-03-07,55.2,55.65,55.2,55.4,745,0
2013-03-08,55.6,55.9,55.6,55.8,1795,0
2013-03-11,55.8,56.1,55.6,55.9,1693,0
2013-03-12,55.9,56.0,55.55,55.55,1267,0
2013-03-13,55.6,55.95,55.3,55.65,1807,0
2013-03-14,55.5,55.6,55.35,55.6,1722,0
2013-03-15,55.6,55.7,55.2,55.2,1540,0
2013-03-18,55.0,55.0,54.3,54.5,4099,0
2013-03-19,54.7,54.75,54.5,54.6,1324,0
2013-03-20,54.35,54.55,54.15,54.25,2180,0
2013-03-21,54.4,54.45,54.25,54.3,1351,0
2013-03-22,54.2,54.35,54.15,54.15,1604,0
2013-03-25,54.75,54.75,54.45,54.55,988,0
2013-03-26,54.55,54.6,54.45,54.55,1101,0
2013-03-27,54.6,54.85,54.45,54.7,1056,0
2013-03-28,54.7,54.75,54.4,54.55,1013,0
2013-03-29,54.85,55.15,54.7,55.1,1463,0
2013-04-01,55.1,55.2,54.95,55.0,1015,0
2013-04-02,55.0,55.1,54.7,54.85,1448,0
2013-04-03,55.1,55.15,54.9,55.0,794,0
2013-04-08,54.45,54.5,53.85,53.85,5134,0
2013-04-09,54.0,54.05,53.6,53.7,3301,0
2013-04-10,53.75,53.95,53.6,53.8,1399,0
2013-04-11,53.95,54.4,53.95,54.35,1971,0
2013-04-12,54.4,54.5,54.2,54.35,735,0
2013-04-15,54.25,54.35,53.75,53.9,1193,0
2013-04-16,53.5,54.0,53.45,54.0,1462,0
2013-04-17,54.0,54.1,53.85,53.9,902,0
2013-04-18,53.55,54.1,53.55,53.85,987,0
2013-04-19,54.25,55.5,54.25,55.45,5315,0
2013-04-22,55.55,55.65,55.3,55.4,2471,0
2013-04-23,55.4,55.4,54.95,55.1,1034,0
2013-04-24,55.35,55.75,55.25,55.55,2721,0
2013-04-25,55.45,55.75,55.4,55.65,2194,0
2013-04-26,55.8,56.2,55.8,55.85,2986,0
2013-04-29,55.9,56.0,55.75,55.8,1781,0
2013-04-30,56.25,56.55,56.25,56.4,3793,0
2013-05-02,56.35,56.65,56.35,56.55,2684,0
2013-05-03,56.85,57.0,56.65,56.65,2300,0
2013-05-06,57.0,57.15,56.9,56.9,2033,0
2013-05-07,56.9,57.2,56.8,57.1,2240,0
2013-05-08,57.2,58.1,57.2,57.85,4030,0
2013-05-09,58.2,58.45,58.15,58.2,2954,0
2013-05-10,58.1,58.15,57.85,57.9,1698,0
2013-05-13,57.9,58.0,57.6,57.75,1088,0
2013-05-14,58.0,58.25,57.75,57.9,1790,0
2013-05-15,58.1,58.1,57.65,57.95,2143,0
2013-05-16,58.5,58.9,58.4,58.7,4533,0
2013-05-17,58.6,58.7,58.4,58.4,1880,0
2013-05-20,58.3,58.5,58.1,58.3,1449,0
2013-05-21,58.35,58.7,58.15,58.3,1187,0
2013-05-22,58.65,58.7,58.2,58.25,1176,0
2013-05-23,57.9,58.0,57.0,57.0,3514,0
2013-05-24,57.0,57.2,56.6,56.85,1688,0
2013-05-27,56.8,57.35,56.8,57.35,1116,0
2013-05-28,57.4,57.45,57.15,57.15,754,0
2013-05-29,57.35,57.8,57.35,57.65,1178,0
2013-05-30,57.4,57.45,56.85,56.95,1746,0
2013-05-31,57.5,57.7,56.8,56.95,1733,0
2013-06-03,56.45,56.75,56.25,56.7,1775,0
2013-06-04,56.7,56.8,56.35,56.6,965,0
2013-06-05,56.55,56.75,56.35,56.6,829,0
2013-06-06,56.2,56.3,55.75,55.9,3594,0
2013-06-07,55.95,56.15,55.9,56.05,1488,0
2013-06-10,56.55,56.7,56.4,56.5,1192,0
2013-06-11,56.55,56.65,56.25,56.35,997,0
2013-06-13,55.9,55.9,55.0,55.0,6985,0
2013-06-14,55.15,55.15,54.7,54.8,3768,0
2013-06-17,54.85,55.15,54.8,55.15,1799,0
2013-06-18,55.15,55.4,54.85,55.4,1967,0
2013-06-19,55.5,55.5,55.15,55.3,1057,0
2013-06-20,55.0,55.0,54.2,54.25,6014,0
2013-06-21,54.1,54.1,53.25,53.6,8449,0
2013-06-24,53.4,53.5,53.1,53.4,5098,0
2013-06-25,53.3,53.7,52.95,53.0,4591,0
2013-06-26,53.6,53.8,53.3,53.7,3696,0
2013-06-27,54.05,54.35,53.9,54.35,3704,0
2013-06-28,54.4,55.1,54.3,55.1,3458,0
2013-07-01,54.8,55.7,54.8,55.6,3037,0
2013-07-02,55.65,55.75,55.45,55.5,1354,0
2013-07-03,55.2,55.4,54.85,54.85,1985,0
2013-07-04,54.9,55.15,54.8,54.95,1002,0
2013-07-05,55.25,56.05,55.2,56.05,3536,0
2013-07-08,56.05,56.05,54.95,55.0,2691,0
2013-07-09,55.0,55.7,54.95,55.65,1513,0
2013-07-10,55.75,56.3,55.65,55.8,2369,0
2013-07-11,56.75,57.4,56.7,57.2,6127,0
2013-07-12,57.2,57.4,57.1,57.35,2398,0
2013-07-15,57.35,57.7,57.1,57.5,2434,0
2013-07-16,57.5,57.6,57.35,57.5,1724,0
2013-07-17,57.4,57.75,57.35,57.6,2110,0
2013-07-18,57.6,57.65,57.1,57.2,2128,0
2013-07-19,56.9,56.9,55.75,55.95,5173,0
2013-07-22,56.15,56.4,56.1,56.15,1382,0
2013-07-23,56.5,57.2,56.5,57.05,2838,0
2013-07-24,56.8,57.15,56.8,56.9,1618,0
2013-07-25,56.8,57.15,56.5,57.0,1241,0
2013-07-26,57.0,57.4,56.7,56.9,1011,0
2013-07-29,56.7,56.85,56.25,56.5,1497,0
2013-07-30,56.75,57.15,56.5,56.95,1249,0
2013-07-31,56.95,56.95,56.55,56.6,1140,0
2013-08-01,56.55,56.65,56.05,56.2,1864,0
2013-08-02,56.6,57.0,56.35,56.55,1375,0
2013-08-05,56.5,56.8,56.25,56.7,1074,0
2013-08-06,56.4,56.4,55.75,55.9,4604,0
2013-08-07,55.55,55.55,55.1,55.1,5564,0
2013-08-08,55.0,55.1,54.8,54.9,5058,0
2013-08-09,54.9,55.1,54.65,54.85,4143,0
2013-08-12,55.0,55.05,54.7,55.0,2689,0
2013-08-13,55.35,55.55,55.3,55.55,2120,0
2013-08-14,55.55,55.55,55.1,55.4,2030,0
2013-08-15,54.85,55.05,54.5,55.0,4363,0
2013-08-16,54.65,55.45,54.65,55.25,2438,0
2013-08-19,55.05,55.1,54.85,55.1,1631,0
2013-08-20,54.85,55.15,54.5,54.6,4055,0
2013-08-22,54.3,54.35,53.85,54.15,7481,0
2013-08-23,54.5,55.0,54.5,54.85,3612,0
2013-08-26,55.0,55.2,54.75,55.1,1792,0
2013-08-27,55.0,55.0,54.6,54.6,1770,0
2013-08-28,54.35,54.75,54.3,54.75,3205,0
2013-08-29,54.85,55.6,54.85,55.5,3687,0
2013-08-30,55.6,55.85,55.4,55.85,2375,0
2013-09-02,55.95,56.4,55.9,56.3,4386,0
2013-09-03,56.6,56.7,56.4,56.65,3910,0
2013-09-04,56.5,56.6,56.25,56.55,1958,0
2013-09-05,56.7,56.95,56.55,56.9,3594,0
2013-09-06,56.85,57.05,56.85,57.0,3240,0
2013-09-09,57.0,57.3,56.7,57.2,3490,0
2013-09-10,57.35,57.6,57.15,57.35,3480,0
2013-09-11,57.5,57.5,57.1,57.5,3196,0
2013-09-12,57.4,57.7,57.3,57.55,2609,0
2013-09-13,57.5,57.6,57.1,57.1,1447,0
2013-09-14,57.15,57.25,57.05,57.1,1068,0
2013-09-16,57.45,57.95,57.45,57.8,3739,0
2013-09-17,57.5,57.75,57.5,57.75,1343,0
2013-09-18,57.9,58.0,57.55,57.55,1585,0
2013-09-23,57.55,58.15,57.5,58.0,2144,0
2013-09-24,58.0,58.1,57.75,58.05,1246,0
2013-09-25,58.0,58.0,57.6,57.8,1038,0
2013-09-26,57.7,57.8,57.2,57.25,1653,0
2013-09-27,57.4,57.55,57.35,57.4,764,0
2013-09-30,57.0,57.3,56.75,57.15,1620,0
2013-10-01,57.0,57.3,57.0,57.15,1054,0
2013-10-02,57.5,57.5,57.25,57.35,644,0
2013-10-03,57.5,58.8,57.45,58.55,4248,0
2013-10-04,58.5,58.55,58.25,58.45,2365,0
2013-10-07,58.15,58.15,57.85,57.9,1346,0
2013-10-08,57.85,58.45,57.8,58.35,1454,0
2013-10-09,58.1,58.35,58.0,58.2,1473,0
2013-10-11,58.85,58.95,58.4,58.45,2197,0
2013-10-14,58.4,58.4,57.95,58.0,1463,0
2013-10-15,58.45,58.6,58.3,58.5,2213,0
2013-10-16,58.45,58.6,58.25,58.25,1844,0
2013-10-17,58.65,58.85,58.45,58.55,1332,0
2013-10-18,58.65,59.1,58.65,59.05,3248,0
2013-10-21,59.05,59.15,58.85,59.0,1722,0
2013-10-22,58.8,59.1,58.6,59.0,1907,0
2013-10-23,59.1,59.1,58.6,58.7,1854,0
2013-10-24,57.7,57.7,57.15,57.55,2173,0
2013-10-25,57.35,57.35,56.85,57.1,3667,0
2013-10-28,57.15,57.65,57.1,57.5,1736,0
2013-10-29,57.45,57.8,57.3,57.75,1313,0
2013-10-30,57.8,57.9,57.65,57.9,1240,0
2013-10-31,57.85,58.05,57.6,57.9,1492,0
2013-11-01,58.0,58.1,57.45,57.6,1612,0
2013-11-04,57.4,57.4,57.1,57.35,2102,0
2013-11-05,57.25,57.35,56.75,56.8,2598,0
2013-11-06,56.8,56.9,56.6,56.8,1698,0
2013-11-07,56.85,56.85,56.5,56.65,1630,0
2013-11-08,56.6,56.65,56.35,56.45,1939,0
2013-11-11,56.45,56.5,56.2,56.3,2594,0
2013-11-12,56.6,56.6,56.2,56.5,1737,0
2013-11-13,56.25,56.3,55.7,55.75,4884,0
2013-11-14,56.0,56.1,55.65,55.9,3495,0
2013-11-15,56.1,56.35,55.9,56.15,3079,0
2013-11-18,56.35,56.5,56.2,56.45,1834,0
2013-11-19,56.55,56.85,56.55,56.8,2094,0
2013-11-20,56.65,56.7,56.35,56.45,2514,0
2013-11-21,56.1,56.1,55.4,55.45,9065,0
2013-11-22,55.5,55.7,55.5,55.5,3314,0
2013-11-25,56.15,56.5,56.15,56.25,2827,0
2013-11-26,56.0,56.9,56.0,56.7,2404,0
2013-11-27,56.7,57.05,56.65,57.0,2274,0
2013-11-28,57.35,57.45,57.2,57.35,2803,0
2013-11-29,57.35,57.7,57.25,57.55,2727,0
2013-12-02,57.6,57.7,57.35,57.45,1672,0
2013-12-03,57.35,57.5,57.15,57.5,1668,0
2013-12-04,57.25,57.65,57.2,57.45,1972,0
2013-12-05,57.45,57.5,57.0,57.1,1628,0
2013-12-06,57.05,57.4,56.9,57.15,1266,0
2013-12-09,57.55,57.95,57.55,57.65,2870,0
2013-12-10,57.55,57.9,57.55,57.8,1562,0
2013-12-11,57.95,58.3,57.65,57.85,2213,0
2013-12-12,57.6,57.6,57.2,57.4,1478,0
2013-12-13,57.1,57.4,57.05,57.35,1402,0
2013-12-16,57.25,57.25,56.7,56.9,1845,0
2013-12-17,57.15,57.3,57.1,57.2,907,0
2013-12-18,57.2,57.2,56.85,57.0,1013,0
2013-12-19,57.4,57.5,57.15,57.35,1163,0
2013-12-20,57.35,57.55,57.2,57.45,890,0
2013-12-23,57.55,58.0,57.55,57.85,2510,0
2013-12-24,57.85,57.9,57.7,57.8,1644,0
2013-12-25,57.9,57.95,57.75,57.85,914,0
2013-12-26,57.85,57.95,57.8,57.85,636,0
2013-12-27,57.8,58.4,57.8,58.3,3089,0
2013-12-30,58.35,58.95,58.35,58.8,3293,0
2013-12-31,59.05,59.05,58.7,58.7,2036,0
2014-01-02,58.7,58.75,58.35,58.55,2326,0
2014-01-03,58.45,58.45,57.7,57.85,3606,0
2014-01-06,57.75,57.95,57.55,57.7,3651,0
2014-01-07,57.75,57.9,57.7,57.7,2582,0
2014-01-08,57.7,57.95,57.7,57.8,1997,0
2014-01-09,57.65,57.8,57.4,57.55,2329,0
2014-01-10,57.5,57.65,57.5,57.55,1027,0
2014-01-13,58.0,58.2,57.8,57.9,1649,0
2014-01-14,57.7,57.85,57.6,57.8,1753,0
2014-01-15,57.95,58.45,57.95,58.4,3783,0
2014-01-16,58.5,58.75,58.5,58.55,2648,0
2014-01-17,58.6,58.7,58.3,58.65,2188,0
2014-01-20,58.4,58.8,58.4,58.8,2155,0
2014-01-21,58.75,58.85,58.5,58.55,984,0
2014-01-22,58.45,58.65,58.35,58.65,2088,0
2014-01-23,58.6,58.75,58.35,58.5,1588,0
2014-01-24,58.3,58.8,58.3,58.65,1417,0
2014-01-27,58.1,58.2,57.45,57.6,5733,0
2014-02-05,56.4,56.4,55.6,55.8,14073,0
2014-02-06,55.95,56.2,55.8,56.0,4307,0
2014-02-07,56.4,56.7,56.3,56.6,4581,0
2014-02-10,56.9,56.9,56.6,56.6,2230,0
2014-02-11,56.6,56.95,56.6,56.95,1312,0
2014-02-12,57.15,57.55,57.15,57.55,3367,0
2014-02-13,57.45,57.55,57.35,57.4,1407,0
2014-02-14,57.7,58.2,57.7,57.95,4400,0
2014-02-17,58.1,58.25,57.95,57.95,2094,0
2014-02-18,57.95,58.15,57.8,58.15,2463,0
2014-02-19,58.1,58.2,58.05,58.15,1499,0
2014-02-20,58.05,58.05,57.6,57.65,1890,0
2014-02-21,58.4,58.45,58.2,58.2,3615,0
2014-02-24,58.4,58.45,57.8,57.9,1848,0
2014-02-25,58.25,58.25,57.95,58.15,2155,0
2014-02-26,58.0,58.5,57.95,58.4,1914,0
2014-02-27,58.3,58.45,58.3,58.3,906,0
2014-03-03,57.8,58.15,57.5,57.95,1774,0
2014-03-04,57.9,58.0,57.7,57.7,1815,0
2014-03-05,58.2,58.45,58.2,58.3,2290,0
2014-03-06,58.35,59.2,58.35,59.15,5539,0
2014-03-07,59.3,59.8,59.3,59.4,4273,0
2014-03-10,59.3,59.4,58.95,59.05,2428,0
2014-03-11,59.25,59.45,59.15,59.35,939,0
2014-03-12,58.85,59.0,58.75,58.8,780,0
2014-03-13,59.25,59.8,59.25,59.75,5067,0
2014-03-14,59.15,59.3,59.1,59.15,2387,0
2014-03-17,59.15,59.2,58.9,59.05,1192,0
2014-03-18,59.4,59.5,59.2,59.4,1425,0
2014-03-19,59.4,59.45,58.95,59.25,1261,0
2014-03-20,58.7,58.7,58.3,58.5,3326,0
2014-03-21,58.65,58.65,58.4,58.5,1093,0
2014-03-24,58.45,58.65,58.25,58.65,1385,0
2014-03-25,58.5,59.15,58.5,59.15,1386,0
2014-03-26,59.45,59.7,59.35,59.7,1903,0
2014-03-27,59.5,59.85,59.45,59.8,1447,0
2014-03-28,59.85,60.1,59.8,59.9,2586,0
2014-03-31,60.05,60.15,59.9,60.1,2088,0
2014-04-01,60.25,60.6,60.2,60.6,3203,0
2014-04-02,60.8,61.15,60.8,60.8,2138,0
2014-04-03,60.8,60.95,60.65,60.65,1334,0
2014-04-07,60.4,60.5,60.3,60.5,1114,0
2014-04-08,60.45,60.9,60.45,60.8,1203,0
2014-04-09,60.8,61.1,60.8,61.0,1546,0
2014-04-10,61.25,61.3,60.9,61.2,1379,0
2014-04-11,60.8,61.15,60.8,61.15,1216,0
2014-04-14,61.1,61.2,60.9,61.05,1201,0
2014-04-15,61.2,61.45,61.2,61.35,1536,0
2014-04-16,61.35,61.5,61.1,61.3,971,0
2014-04-17,61.3,61.4,61.1,61.15,753,0
2014-04-18,61.75,61.9,61.5,61.55,1010,0
2014-04-21,61.45,61.65,61.45,61.55,723,0
2014-04-22,61.55,61.95,61.55,61.75,1182,0
2014-04-23,61.85,62.05,61.5,61.65,1009,0
2014-04-24,61.7,61.8,61.6,61.75,635,0
2014-04-25,61.65,61.8,60.6,60.7,2363,0
2014-04-28,60.3,61.5,60.3,61.25,1696,0
2014-04-29,61.25,61.5,61.1,61.35,880,0
2014-04-30,61.4,61.45,60.8,61.0,916,0
2014-05-02,61.15,61.65,61.15,61.3,844,0
2014-05-05,61.55,61.6,61.0,61.2,704,0
2014-05-06,61.5,61.75,61.1,61.55,1010,0
2014-05-07,61.5,61.6,61.2,61.4,581,0
2014-05-08,61.6,61.85,61.4,61.85,1143,0
2014-05-09,61.7,61.85,61.45,61.45,955,0
2014-05-12,61.5,61.5,61.1,61.15,820,0
2014-05-13,61.6,61.75,61.35,61.45,690,0
2014-05-14,61.6,61.8,61.45,61.8,774,0
2014-05-15,61.75,61.85,61.55,61.75,756,0
2014-05-16,61.65,61.85,61.4,61.85,784,0
2014-05-19,61.85,62.0,61.8,61.85,768,0
2014-05-20,61.9,62.3,61.9,62.1,1113,0
2014-05-21,62.0,62.2,61.75,61.8,747,0
2014-05-22,62.0,62.65,61.95,62.65,1617,0
2014-05-23,62.85,62.9,62.65,62.75,935,0
2014-05-26,62.85,63.1,62.85,63.05,1125,0
2014-05-27,63.05,63.2,62.95,63.1,946,0
2014-05-28,63.15,63.8,63.15,63.7,1820,0
2014-05-29,63.7,63.7,63.4,63.4,1696,0
2014-05-30,63.4,63.45,63.1,63.1,887,0
2014-06-03,63.15,63.45,62.8,63.15,1121,0
2014-06-04,63.4,63.55,63.3,63.4,662,0
2014-06-05,63.3,63.4,63.1,63.4,582,0
2014-06-06,63.65,63.75,63.4,63.55,574,0
2014-06-09,63.6,63.85,63.6,63.8,694,0
2014-06-10,63.85,64.3,63.85,64.2,1117,0
2014-06-11,64.2,64.25,64.05,64.15,713,0
2014-06-12,64.0,64.1,63.9,64.0,748,0
2014-06-13,63.9,63.9,63.7,63.85,1087,0
2014-06-16,63.85,64.0,63.6,63.9,524,0
2014-06-17,63.9,64.45,63.85,64.35,891,0
2014-06-18,64.4,64.8,64.3,64.5,1414,0
2014-06-19,64.65,65.05,64.55,64.95,1251,0
2014-06-20,64.95,65.1,64.7,64.75,797,0
2014-06-23,64.8,65.0,64.6,64.7,921,0
2014-06-24,64.85,65.05,64.7,64.8,1308,0
2014-06-25,64.65,64.8,64.6,64.65,672,0
2014-06-26,64.75,65.4,64.75,65.35,1318,0
2014-06-27,65.35,65.35,64.5,65.35,754,0
2014-06-30,65.3,66.0,65.2,65.95,1177,0
2014-07-01,65.95,66.75,65.85,66.55,1462,0
2014-07-02,66.8,67.55,66.65,67.1,1872,0
2014-07-03,67.1,67.8,66.9,67.7,1157,0
2014-07-04,67.8,67.9,67.35,67.7,931,0
2014-07-07,67.5,67.7,67.3,67.6,913,0
2014-07-08,67.8,67.9,67.6,67.75,704,0
2014-07-09,67.65,67.85,67.5,67.85,948,0
2014-07-10,67.8,68.45,67.8,68.35,921,0
2014-07-11,68.35,68.7,68.15,68.3,1249,0
2014-07-14,68.25,68.8,68.25,68.7,737,0
2014-07-15,68.95,69.05,68.75,68.95,762,0
2014-07-16,68.95,69.0,68.1,68.35,1349,0
2014-07-17,67.95,68.0,67.3,67.5,1792,0
2014-07-18,67.05,67.6,67.0,67.5,1111,0
2014-07-21,67.75,67.95,67.5,67.5,976,0
2014-07-22,67.7,68.2,67.5,68.1,742,0
2014-07-24,68.3,68.4,68.1,68.4,632,0
2014-07-25,68.4,68.4,67.45,67.65,1532,0
2014-07-28,67.45,67.8,67.3,67.5,857,0
2014-07-29,67.75,67.95,67.2,67.45,1011,0
2014-07-30,67.45,67.95,67.45,67.85,629,0
2014-07-31,67.85,67.85,66.6,66.75,2605,0
2014-08-01,65.95,66.3,65.9,66.25,3119,0
2014-08-04,66.2,66.7,66.1,66.6,1072,0
2014-08-05,66.4,66.4,65.1,65.25,4106,0
2014-08-06,65.3,65.75,65.05,65.7,1635,0
2014-08-07,65.75,65.9,65.4,65.7,1323,0
2014-08-08,65.45,65.7,65.05,65.7,2225,0
2014-08-11,66.0,66.15,65.75,66.05,1631,0
2014-08-12,66.0,66.3,65.85,66.1,836,0
2014-08-13,66.15,66.75,66.05,66.75,1141,0
2014-08-14,67.0,67.25,66.95,67.1,1246,0
2014-08-15,67.1,67.25,66.75,67.1,935,0
2014-08-18,67.1,67.1,66.6,66.9,910,0
2014-08-19,67.3,67.75,67.0,67.75,1666,0
2014-08-20,67.7,68.05,67.7,68.0,1384,0
2014-08-21,68.0,68.1,67.8,67.9,795,0
2014-08-22,68.1,68.95,68.1,68.75,2159,0
2014-08-25,68.75,68.9,68.6,68.65,897,0
2014-08-26,68.6,68.8,68.55,68.6,578,0
2014-08-27,68.95,69.4,68.95,69.25,1820,0
2014-08-28,69.25,69.45,69.2,69.35,864,0
2014-08-29,69.05,69.3,68.85,69.2,749,0
2014-09-01,69.25,69.95,69.25,69.8,1368,0
2014-09-02,69.7,69.7,68.6,68.75,2209,0
2014-09-03,68.9,69.45,68.85,69.25,1423,0
2014-09-04,69.0,69.15,68.8,69.0,872,0
2014-09-05,69.3,69.3,68.65,69.0,880,0
2014-09-09,69.4,69.5,69.25,69.25,1067,0
2014-09-10,68.95,68.95,68.05,68.65,2969,0
2014-09-11,68.7,68.7,68.4,68.4,1112,0
2014-09-12,68.4,68.4,67.6,67.75,2975,0
2014-09-15,67.15,67.75,67.15,67.75,2641,0
2014-09-16,67.65,67.65,67.15,67.2,3336,0
2014-09-17,67.5,68.2,67.45,67.7,2706,0
2014-09-18,67.7,68.05,67.6,67.85,1734,0
2014-09-19,68.2,68.25,67.85,68.0,1741,0
2014-09-22,67.35,67.35,66.55,66.95,4742,0
2014-09-23,66.9,67.0,66.65,66.8,1711,0
2014-09-24,66.55,66.8,66.3,66.55,3106,0
2014-09-25,66.7,66.85,65.7,65.95,4105,0
2014-09-26,65.5,65.85,65.25,65.6,2671,0
2014-09-29,65.65,65.7,65.2,65.4,2407,0
2014-09-30,65.3,65.65,64.65,65.3,3436,0
2014-10-01,65.05,65.65,64.85,65.5,2229,0
2014-10-02,65.0,65.75,64.9,65.5,2169,0
2014-10-03,65.8,66.7,65.6,66.7,3058,0
2014-10-06,66.65,66.7,66.15,66.65,1727,0
2014-10-07,66.25,66.25,65.7,66.1,1766,0
2014-10-08,65.8,66.05,65.7,65.7,1446,0
2014-10-09,66.1,66.45,65.7,66.0,2227,0
2014-10-13,64.15,64.55,63.8,64.0,4439,0
2014-10-14,64.0,64.6,64.0,64.55,2272,0
2014-10-15,64.45,64.8,63.95,64.1,3022,0
2014-10-16,63.65,64.35,63.25,64.0,3872,0
2014-10-17,64.25,64.4,63.35,63.35,3117,0
2014-10-20,64.25,64.6,63.9,64.6,2523,0
2014-10-21,64.4,64.55,64.2,64.3,1399,0
2014-10-22,65.1,65.45,65.0,65.3,2192,0
2014-10-23,65.3,65.3,65.0,65.05,1460,0
2014-10-24,63.85,63.85,62.8,63.05,3774,0
2014-10-27,63.4,63.45,63.0,63.25,1598,0
2014-10-28,64.0,64.35,64.0,64.35,2001,0
2014-10-29,64.6,65.0,64.5,65.0,2446,0
2014-10-30,64.85,64.95,64.55,64.8,1360,0
2014-10-31,65.0,65.3,64.7,65.3,2165,0
2014-11-03,65.3,65.9,65.3,65.6,2111,0
2014-11-04,65.75,66.05,65.55,65.65,1924,0
2014-11-05,65.8,65.85,65.35,65.5,1402,0
2014-11-06,65.55,65.7,64.95,65.1,1835,0
2014-11-07,65.0,65.25,64.7,65.2,1675,0
2014-11-10,65.4,66.3,65.25,66.15,3093,0
2014-11-11,66.25,66.35,65.95,65.95,1554,0
2014-11-12,65.75,65.85,64.9,65.0,2670,0
2014-11-13,65.0,65.65,65.0,65.65,1196,0
2014-11-14,65.3,65.8,65.3,65.7,882,0
2014-11-17,66.05,66.1,64.8,65.1,1958,0
2014-11-18,65.3,65.6,64.8,64.9,1510,0
2014-11-19,65.15,66.1,65.15,65.85,2950,0
2014-11-20,66.05,66.7,66.05,66.6,3077,0
2014-11-21,66.6,66.8,66.45,66.65,1352,0
2014-11-24,66.9,67.2,66.75,66.8,1670,0
2014-11-25,66.65,67.05,66.45,66.85,1639,0
2014-11-26,66.75,66.9,66.65,66.85,1051,0
2014-11-27,67.15,67.85,67.15,67.5,3059,0
2014-11-28,67.55,67.7,67.35,67.5,1578,0
2014-12-01,66.3,67.45,66.15,66.8,2802,0
2014-12-02,66.35,66.5,65.65,65.8,3226,0
2014-12-03,65.8,67.0,65.7,66.85,2124,0
2014-12-04,67.25,67.45,67.1,67.1,1658,0
2014-12-05,67.1,67.1,66.75,66.85,752,0
2014-12-08,67.05,67.05,66.35,66.35,1081,0
2014-12-09,66.25,66.3,66.0,66.2,1007,0
2014-12-10,65.95,66.15,65.15,65.3,2850,0
2014-12-11,65.05,65.35,64.7,65.25,1550,0
2014-12-12,65.25,65.5,65.15,65.3,1125,0
2014-12-15,64.75,65.1,64.5,65.1,2052,0
2014-12-16,64.8,65.0,64.55,64.55,2582,0
2014-12-17,64.55,64.55,63.4,63.55,5591,0
2014-12-18,63.95,64.1,63.65,63.7,2606,0
2014-12-19,64.7,65.3,64.6,65.2,3213,0
2014-12-22,65.35,66.0,65.3,66.0,2078,0
2014-12-23,66.15,66.3,65.75,65.8,1144,0
2014-12-24,65.9,66.4,65.85,66.3,1629,0
2014-12-25,66.35,66.4,66.15,66.3,873,0
2014-12-26,66.35,66.5,66.2,66.45,1492,0
2014-12-27,66.75,66.75,66.45,66.6,1040,0
2014-12-29,66.6,67.3,66.55,67.2,2757,0
2014-12-30,67.15,67.45,66.85,66.85,1438,0
2014-12-31,66.8,67.0,66.6,66.85,1207,0
2015-01-05,66.4,66.75,66.0,66.55,1528,0
2015-01-06,65.75,65.75,64.75,64.9,4903,0
2015-01-07,64.7,65.25,64.7,65.0,1603,0
2015-01-08,65.5,66.6,65.5,66.5,3516,0
2015-01-09,66.9,66.95,66.05,66.15,1375,0
2015-01-12,65.8,66.15,65.65,65.75,1178,0
2015-01-13,65.6,66.4,65.4,65.95,1386,0
2015-01-14,66.0,66.05,65.4,65.6,1256,0
2015-01-15,65.65,65.95,65.35,65.8,865,0
2015-01-16,66.25,66.4,65.35,65.5,1371,0
2015-01-19,66.3,66.75,66.05,66.25,2246,0
2015-01-20,66.5,66.9,66.35,66.75,1864,0
2015-01-21,67.2,67.3,67.0,67.25,2810,0
2015-01-22,67.5,67.9,67.45,67.6,1996,0
2015-01-23,68.25,68.7,68.25,68.7,4604,0
2015-01-26,68.55,68.85,68.45,68.7,1939,0
2015-01-27,69.0,69.25,68.8,69.15,2879,0
2015-01-28,68.8,69.2,68.8,69.15,2147,0
2015-01-29,69.05,69.05,68.15,68.3,2015,0
2015-01-30,68.6,68.6,68.0,68.0,1112,0
2015-02-02,68.2,68.35,67.9,68.15,1258,0
2015-02-03,68.35,68.85,68.1,68.65,1383,0
2015-02-04,69.2,69.5,69.05,69.4,2741,0
2015-02-05,69.05,69.25,68.8,69.1,980,0
2015-02-06,69.1,69.2,68.65,68.75,735,0
2015-02-09,68.75,68.75,68.25,68.5,943,0
2015-02-10,68.45,68.5,68.2,68.25,1004,0
2015-02-11,68.7,69.25,68.7,69.0,1282,0
2015-02-12,69.0,69.2,68.8,69.0,812,0
2015-02-13,69.35,69.65,69.35,69.45,1771,0
2015-02-24,69.95,70.45,69.95,70.25,2778,0
2015-02-25,70.7,70.9,70.55,70.8,2983,0
2015-02-26,70.55,70.65,70.05,70.3,1552,0
2015-03-02,70.3,70.55,69.75,70.0,1449,0
2015-03-03,70.05,70.1,69.5,69.9,1071,0
2015-03-04,69.55,70.05,69.5,69.95,1053,0
2015-03-05,69.95,70.0,69.35,69.7,1037,0
2015-03-06,69.55,69.9,69.3,69.8,680,0
2015-03-09,69.45,69.5,68.9,69.1,1781,0
2015-03-10,69.0,69.05,68.6,68.95,1347,0
2015-03-11,68.35,69.15,68.3,69.05,1081,0
2015-03-12,68.85,69.65,68.8,69.65,1096,0
2015-03-13,69.65,69.75,69.45,69.45,890,0
2015-03-16,69.35,69.35,68.85,68.9,1125,0
2015-03-17,69.2,69.75,69.0,69.15,1282,0
2015-03-18,69.2,70.15,69.2,69.9,2655,0
2015-03-19,70.5,70.9,70.25,70.65,2611,0
2015-03-20,70.65,70.65,70.4,70.55,1165,0
2015-03-23,70.55,70.9,70.45,70.75,1207,0
2015-03-24,70.55,70.85,70.35,70.5,852,0
2015-03-25,70.5,70.6,70.1,70.25,971,0
2015-03-26,69.4,69.7,69.15,69.4,2025,0
2015-03-27,69.4,69.4,68.65,68.75,2367,0
2015-03-30,68.75,68.9,68.55,68.8,2088,0
2015-03-31,69.0,69.25,68.8,69.05,1735,0
2015-04-01,68.7,68.85,68.5,68.65,2598,0
2015-04-02,68.9,69.75,68.9,69.5,1626,0
2015-04-07,69.55,69.7,69.35,69.6,1027,0
2015-04-08,69.6,69.6,68.85,69.0,1508,0
2015-04-09,69.0,69.85,68.95,69.1,1517,0
2015-04-10,69.7,69.8,69.45,69.65,865,0
2015-04-13,69.9,69.95,69.65,69.85,782,0
2015-04-14,69.85,69.85,69.5,69.5,622,0
2015-04-15,69.25,69.5,68.4,68.65,3412,0
2015-04-16,68.95,69.7,68.9,69.7,2442,0
2015-04-17,69.55,69.55,68.9,69.05,1286,0
2015-04-20,68.7,69.15,68.55,68.95,1586,0
2015-04-21,69.05,69.3,68.85,68.95,776,0
2015-04-22,69.3,69.8,69.25,69.65,1473,0
2015-04-23,70.2,71.5,70.15,71.5,4719,0
2015-04-24,71.7,72.85,71.7,72.2,4260,0
2015-04-27,73.0,73.3,72.6,72.75,3106,0
2015-04-28,72.85,73.1,72.35,72.6,2130,0
2015-04-29,72.5,72.7,71.6,71.8,1811,0
2015-04-30,71.6,71.8,71.15,71.45,1457,0
2015-05-04,71.45,71.65,70.85,71.6,1220,0
2015-05-05,71.4,71.4,70.9,71.2,1174,0
2015-05-06,70.8,71.4,70.5,71.3,1301,0
2015-05-07,70.8,70.8,70.15,70.45,1945,0
2015-05-08,70.45,70.65,70.45,70.5,1082,0
2015-05-11,71.0,71.2,70.3,70.85,1986,0
2015-05-12,70.6,70.85,70.55,70.7,1712,0
2015-05-13,70.7,71.2,70.7,71.1,1146,0
2015-05-14,70.85,70.95,70.0,70.1,3256,0
2015-05-15,70.3,70.35,69.7,70.0,2197,0
2015-05-18,70.05,70.3,70.0,70.25,950,0
2015-05-19,70.4,71.45,70.4,71.3,2147,0
2015-05-20,71.25,71.25,70.8,70.8,1216,0
2015-05-21,70.15,70.2,69.75,70.15,2097,0
2015-05-22,70.2,70.95,70.2,70.7,1234,0
2015-05-25,70.45,70.95,70.3,70.7,734,0
2015-05-26,71.2,71.6,70.8,71.0,1247,0
2015-05-27,70.85,71.3,70.7,71.15,974,0
2015-05-28,71.75,71.9,71.25,71.5,1285,0
2015-05-29,71.7,71.7,71.05,71.1,1635,0
2015-06-01,71.1,71.15,70.25,70.5,1749,0
2015-06-02,70.45,70.5,70.0,70.4,1142,0
2015-06-03,70.3,70.4,69.9,69.95,1466,0
2015-06-04,69.8,69.9,68.35,68.6,5559,0
2015-06-05,68.5,68.6,68.2,68.45,2804,0
2015-06-08,68.3,69.05,68.0,68.9,2538,0
2015-06-09,68.5,68.6,68.0,68.35,2856,0
2015-06-10,68.55,68.9,68.45,68.65,1959,0
2015-06-11,68.8,68.9,68.4,68.85,1254,0
2015-06-12,68.9,69.0,68.45,68.8,870,0
2015-06-15,68.8,69.0,68.5,68.65,971,0
2015-06-16,68.65,68.65,68.05,68.2,1749,0
2015-06-17,68.2,68.75,68.2,68.5,1585,0
2015-06-18,68.45,68.55,68.2,68.4,1343,0
2015-06-22,68.75,69.4,68.75,69.35,1920,0
2015-06-23,69.55,69.85,69.35,69.55,1515,0
2015-06-24,69.6,69.7,69.4,69.65,1203,0
2015-06-25,70.0,70.65,70.0,70.45,2531,0
2015-06-26,70.45,70.45,70.15,70.45,1336,0
2015-06-29,69.35,69.6,68.75,68.8,2885,0
2015-06-30,68.8,69.4,68.8,69.4,1284,0
2015-07-01,69.4,70.3,69.25,70.05,1853,0
2015-07-02,70.2,70.25,69.85,70.1,747,0
2015-07-03,70.0,70.2,69.25,70.1,1679,0
2015-07-06,69.55,70.05,69.2,69.3,1559,0
2015-07-07,69.65,70.1,69.45,69.6,1222,0
2015-07-08,69.2,69.2,67.45,67.5,8343,0
2015-07-09,66.8,67.35,66.1,67.1,5730,0
2015-07-13,68.0,68.1,67.2,68.1,3217,0
2015-07-14,68.3,68.7,68.05,68.1,2324,0
2015-07-15,68.3,68.65,68.0,68.25,1509,0
2015-07-16,68.6,68.95,68.2,68.6,1968,0
2015-07-17,68.35,68.65,68.3,68.5,944,0
2015-07-20,69.0,69.2,67.8,68.0,1873,0
2015-07-21,68.35,68.65,68.0,68.65,978,0
2015-07-22,68.2,68.3,67.7,67.8,2273,0
2015-07-23,67.5,67.85,66.85,67.15,3456,0
2015-07-24,67.05,67.25,66.5,66.75,3021,0
2015-07-27,66.4,66.55,65.55,65.8,5152,0
2015-07-28,65.75,66.3,65.5,65.85,3321,0
2015-07-29,65.9,65.9,65.1,65.4,3442,0
2015-07-30,65.6,66.55,65.55,66.5,2258,0
2015-07-31,66.5,66.55,65.8,66.15,1548,0
2015-08-03,65.9,65.9,64.9,65.25,3454,0
2015-08-04,65.5,66.0,65.0,65.3,2681,0
2015-08-05,65.55,66.0,65.3,65.7,1782,0
2015-08-06,66.0,66.05,64.55,65.0,3641,0
2015-08-07,64.5,65.0,64.2,64.7,2267,0
2015-08-10,64.6,64.75,64.0,64.55,2542,0
2015-08-11,65.3,65.8,64.4,64.55,4036,0
2015-08-12,64.25,64.45,63.0,63.45,4634,0
2015-08-13,63.45,63.9,63.35,63.55,2147,0
2015-08-14,63.45,63.75,63.15,63.3,1736,0
2015-08-17,63.3,63.3,62.7,62.9,2367,0
2015-08-18,63.0,63.3,62.45,62.55,2221,0
2015-08-19,62.4,62.5,61.3,61.6,4364,0
2015-08-20,61.25,61.85,60.95,61.4,4758,0
2015-08-21,60.6,60.75,59.8,59.8,6417,0
2015-08-24,59.1,59.1,55.4,57.5,12459,0
2015-08-25,57.5,60.0,57.5,60.0,9667,0
2015-08-26,59.3,60.5,58.65,60.35,5984,0
2015-08-27,60.6,60.65,60.0,60.15,5627,0
2015-08-28,61.0,61.9,61.0,61.8,4349,0
2015-08-31,61.3,62.35,61.2,62.3,2806,0
2015-09-01,61.9,62.6,61.5,61.75,2838,0
2015-09-02,61.1,62.3,60.95,62.1,4619,0
2015-09-03,62.35,62.4,61.6,62.15,1573,0
2015-09-04,62.15,62.55,61.35,61.35,2202,0
2015-09-07,61.3,62.3,61.1,61.25,2616,0
2015-09-08,61.5,61.65,61.1,61.45,3030,0
2015-09-09,62.65,64.15,62.65,64.15,5404,0
2015-09-10,63.8,63.8,63.15,63.45,3300,0
2015-09-11,63.3,63.7,63.05,63.5,2519,0
2015-09-14,63.9,64.0,63.25,63.65,2011,0
2015-09-15,63.75,63.85,63.05,63.15,1968,0
2015-09-16,63.65,64.0,63.4,63.9,2266,0
2015-09-17,64.5,65.15,64.5,65.0,3408,0
2015-09-18,65.0,65.0,64.55,64.85,1275,0
2015-09-21,64.05,64.1,63.2,63.45,3110,0
2015-09-22,63.55,63.95,63.55,63.8,1130,0
2015-09-23,63.2,63.2,62.2,62.35,3123,0
2015-09-24,62.55,62.85,61.9,62.0,1904,0
2015-09-25,62.15,62.35,61.6,62.25,1918,0
2015-09-30,61.45,62.6,61.45,62.4,2087,0
2015-10-01,62.6,63.7,62.2,63.6,2636,0
2015-10-02,63.35,63.6,63.1,63.25,1083,0
2015-10-05,63.8,64.0,63.25,63.4,1393,0
2015-10-06,64.15,64.7,63.85,63.9,2059,0
2015-10-07,63.9,64.85,63.9,64.85,2304,0
2015-10-08,65.1,65.3,64.6,64.7,1896,0
2015-10-12,65.05,65.9,65.05,65.55,3323,0
2015-10-13,65.6,65.65,65.15,65.3,1921,0
2015-10-14,65.3,65.3,64.95,65.05,1491,0
2015-10-15,65.65,66.35,65.65,66.0,3011,0
2015-10-16,65.95,66.0,65.6,65.75,1613,0
2015-10-19,66.0,66.2,65.7,65.95,1305,0
2015-10-20,66.0,66.1,65.8,65.95,1050,0
2015-10-21,66.1,66.15,65.4,65.5,2296,0
2015-10-22,65.3,65.6,65.25,65.5,1534,0
2015-10-23,66.2,66.5,65.85,65.9,2965,0
2015-10-26,64.5,64.85,64.45,64.55,1757,0
2015-10-27,64.5,64.55,63.95,64.2,1825,0
2015-10-28,64.2,64.25,63.6,63.75,1655,0
2015-10-29,64.1,64.3,63.1,63.3,2871,0
2015-10-30,63.3,63.45,62.8,63.2,2399,0
2015-11-02,63.1,63.4,62.6,63.3,1725,0
2015-11-03,63.8,64.4,63.8,64.3,2164,0
2015-11-04,64.75,65.6,64.7,65.55,3662,0
2015-11-05,65.65,65.65,65.25,65.4,1209,0
2015-11-06,65.4,65.4,63.65,64.1,3697,0
2015-11-09,64.0,64.35,63.6,63.65,1721,0
2015-11-10,63.3,63.4,62.85,62.9,2553,0
2015-11-11,62.9,63.0,61.95,62.15,4239,0
2015-11-12,62.2,62.4,61.85,62.25,2700,0
2015-11-13,61.8,62.45,61.55,61.6,4201,0
2015-11-16,61.2,61.3,60.6,61.15,4047,0
2015-11-17,62.0,62.6,62.0,62.35,2811,0
2015-11-18,62.35,62.35,61.2,61.4,3674,0
2015-11-19,61.95,62.3,61.55,62.3,2328,0
2015-11-20,62.35,62.5,62.05,62.3,1182,0
2015-11-23,62.6,62.75,62.15,62.6,900,0
2015-11-24,62.5,62.65,61.85,61.95,1251,0
2015-11-25,61.85,62.1,61.5,61.95,1793,0
2015-11-26,62.3,62.95,62.3,62.8,2045,0
2015-11-27,62.9,62.9,61.8,61.95,2308,0
2015-11-30,60.9,61.2,60.45,61.2,6178,0
2015-12-01,61.7,62.45,61.45,62.4,2530,0
2015-12-02,62.45,62.75,62.15,62.3,1629,0
2015-12-03,61.9,62.55,61.7,62.4,1142,0
2015-12-04,61.95,61.95,61.4,61.75,2915,0
2015-12-07,62.2,63.0,62.2,62.5,2110,0
2015-12-08,62.25,62.3,61.2,61.5,3502,0
2015-12-09,61.2,61.35,60.7,60.75,3892,0
2015-12-10,60.4,60.75,59.75,60.55,4438,0
2015-12-11,60.55,60.7,59.8,59.85,3723,0
2015-12-14,59.25,59.65,59.0,59.4,3711,0
2015-12-15,59.7,60.05,59.35,59.45,3028,0
2015-12-16,60.0,60.4,59.7,60.35,2214,0
2015-12-17,60.55,61.05,60.35,61.05,2786,0
2015-12-18,60.85,61.25,60.5,60.75,1690,0
2015-12-21,60.05,60.75,59.9,60.65,1399,0
2015-12-22,60.7,60.9,60.4,60.8,1014,0
2015-12-23,60.95,61.3,60.8,60.9,1391,0
2015-12-24,61.35,61.65,61.2,61.2,1563,0
2015-12-25,61.2,61.6,61.2,61.6,1344,0
2015-12-28,61.7,61.7,61.4,61.45,964,0
2015-12-29,61.4,61.4,60.8,61.0,1267,0
2015-12-30,61.15,61.15,60.45,60.55,1436,0
2015-12-31,60.55,60.95,60.5,60.75,988,0
2016-01-04,60.8,60.95,59.05,59.55,5730,0
2016-01-05,59.5,59.75,58.85,59.05,6708,0
2016-01-06,59.05,59.05,57.9,58.45,8406,0
2016-01-07,58.3,58.3,56.7,57.35,11325,0
2016-01-08,57.0,57.7,56.85,57.45,7024,0
2016-01-11,56.9,56.95,56.0,56.55,7405,0
2016-01-12,56.8,57.0,56.3,56.5,5238,0
2016-01-13,57.0,57.5,56.75,57.15,5664,0
2016-01-14,56.5,56.7,55.85,56.7,5765,0
2016-01-15,57.1,57.5,56.25,56.7,4936,0
2016-01-18,55.9,57.3,55.8,57.1,4379,0
2016-01-19,57.0,57.25,56.65,57.25,2801,0
2016-01-20,56.85,56.85,55.6,55.9,7993,0
2016-01-21,56.1,56.3,55.6,55.8,4579,0
2016-01-22,56.35,56.6,56.0,56.55,3835,0
2016-01-25,57.0,57.8,57.0,57.55,4215,0
2016-01-26,57.0,57.15,56.7,57.0,3599,0
2016-01-27,57.4,57.45,56.95,57.25,2287,0
2016-01-28,57.15,57.75,57.0,57.55,3285,0
2016-01-29,57.5,59.1,57.25,59.0,7319,0
2016-01-30,59.45,59.7,59.2,59.55,3965,0
2016-02-01,59.5,59.6,59.1,59.55,2732,0
2016-02-02,59.45,59.55,59.0,59.35,1748,0
2016-02-03,59.0,59.25,58.6,58.95,2624,0
2016-02-15,58.3,59.1,58.1,59.0,2176,0
2016-02-16,59.1,60.35,59.1,60.25,4926,0
2016-02-17,60.4,60.5,59.95,59.95,3478,0
2016-02-18,60.8,61.15,60.5,60.9,4462,0
2016-02-19,60.8,61.05,60.6,60.85,4864,0
2016-02-22,60.85,61.6,60.55,60.8,2553,0
2016-02-23,61.0,61.15,60.7,60.85,1464,0
2016-02-24,60.8,61.3,60.2,60.3,2535,0
2016-02-25,60.6,61.35,60.5,61.1,3204,0
2016-02-26,61.35,61.7,60.9,61.25,2460,0
2016-03-01,61.25,61.95,61.1,61.85,3170,0
2016-03-02,62.35,62.75,62.25,62.35,4450,0
2016-03-03,62.35,63.3,62.35,62.95,4358,0
2016-03-04,62.9,63.3,62.75,63.1,3237,0
2016-03-07,63.2,63.7,62.9,63.1,3147,0
2016-03-08,63.0,63.1,62.5,63.05,2384,0
2016-03-09,63.05,63.15,62.65,63.1,2074,0
2016-03-10,63.05,63.4,62.85,63.25,2018,0
2016-03-11,63.2,63.75,63.05,63.55,2712,0
2016-03-14,64.0,64.25,63.95,64.0,5390,0
2016-03-15,64.0,64.1,63.0,63.05,5012,0
2016-03-16,63.35,63.75,63.35,63.6,3399,0
2016-03-17,64.55,64.9,64.05,64.3,4479,0
2016-03-18,64.4,64.85,64.3,64.7,3630,0
2016-03-21,64.9,65.05,64.2,64.6,1337,0
2016-03-22,64.35,64.55,63.85,64.4,1809,0
2016-03-23,64.4,64.85,64.25,64.35,2241,0
2016-03-24,64.25,64.5,63.7,64.35,1364,0
2016-03-25,64.5,64.5,63.95,64.05,1093,0
2016-03-28,64.05,64.4,63.8,64.1,1372,0
2016-03-29,64.0,64.3,63.5,63.65,1828,0
2016-03-30,64.05,64.9,64.0,64.7,3940,0
2016-03-31,65.1,65.4,64.45,64.65,4899,0
2016-04-01,64.25,64.35,63.6,63.9,1775,0
2016-04-06,63.3,63.3,62.35,62.4,3518,0
2016-04-07,62.5,62.5,61.6,62.15,6513,0
2016-04-08,61.8,62.8,61.8,62.75,1520,0
2016-04-11,62.5,63.1,62.15,63.0,1319,0
2016-04-12,63.05,63.5,62.75,62.95,1104,0
2016-04-13,63.25,64.2,63.25,64.05,3097,0
2016-04-14,64.4,64.6,64.1,64.25,1959,0
2016-04-15,63.8,64.3,63.55,64.25,1191,0
2016-04-18,64.05,64.2,63.85,63.85,670,0
2016-04-19,64.3,64.65,63.5,63.6,1528,0
2016-04-20,63.5,64.1,62.55,62.65,2726,0
2016-04-21,62.9,63.15,62.55,62.95,1153,0
2016-04-22,62.95,63.4,62.8,63.2,890,0
2016-04-25,63.2,63.35,62.9,63.25,672,0
2016-04-26,63.1,63.9,63.1,63.5,888,0
2016-04-27,63.2,63.6,63.0,63.4,752,0
2016-04-28,63.5,63.55,62.15,62.4,2365,0
2016-04-29,61.85,62.0,61.35,61.6,3113,0
2016-05-03,61.6,61.6,60.7,60.75,4271,0
2016-05-04,60.75,60.85,59.8,60.1,5844,0
2016-05-05,60.1,60.25,59.65,60.2,4651,0
2016-05-06,60.0,60.0,59.45,59.7,4243,0
2016-05-09,59.9,60.0,59.4,59.7,3032,0
2016-05-10,59.7,60.2,59.4,60.0,3771,0
2016-05-11,60.2,60.3,59.55,59.85,4160,0
2016-05-12,59.7,60.0,59.65,59.8,2080,0
2016-05-13,59.55,59.55,59.0,59.15,6218,0
2016-05-16,59.15,59.7,59.1,59.6,1544,0
2016-05-17,59.65,60.1,59.25,60.05,2582,0
2016-05-18,59.7,60.0,59.25,59.95,2036,0
2016-05-19,60.0,60.05,59.3,59.65,1960,0
2016-05-20,59.85,60.3,59.6,60.0,2303,0
2016-05-23,60.1,62.0,59.85,62.0,5021,0
2016-05-24,61.75,61.85,61.35,61.35,1841,0
2016-05-25,61.75,62.25,61.75,62.0,3726,0
2016-05-26,62.05,62.15,61.8,62.15,2207,0
2016-05-27,62.4,62.65,62.2,62.6,3211,0
2016-05-30,62.6,63.35,62.5,63.15,3555,0
2016-05-31,63.05,63.35,62.8,63.15,2005,0
2016-06-01,62.95,63.85,62.95,63.7,3329,0
2016-06-02,63.7,64.05,63.4,63.7,2516,0
2016-06-03,63.6,64.0,63.6,63.85,1702,0
2016-06-04,63.75,64.0,63.7,63.95,833,0
2016-06-06,64.0,64.6,63.65,64.05,2642,0
2016-06-07,64.3,64.95,64.3,64.9,4278,0
2016-06-08,65.0,65.55,65.0,65.25,4111,0
2016-06-13,64.3,64.45,63.7,63.75,2267,0
2016-06-14,63.5,64.2,63.5,64.15,1384,0
2016-06-15,64.15,64.4,63.6,64.25,3257,0
2016-06-16,64.1,64.1,63.0,63.35,1708,0
2016-06-17,63.85,64.4,63.85,64.05,1355,0
2016-06-20,64.5,64.65,64.35,64.5,1144,0
2016-06-21,64.5,64.95,64.45,64.75,3911,0
2016-06-22,64.75,64.95,64.55,64.95,1141,0
2016-06-23,64.8,64.85,64.55,64.8,1147,0
2016-06-24,64.75,64.9,62.05,63.1,5706,0
2016-06-27,63.2,63.75,63.0,63.75,1620,0
2016-06-28,63.1,64.05,63.05,64.0,1369,0
2016-06-29,64.15,65.0,64.15,64.7,2756,0
2016-06-30,65.15,65.45,64.65,65.45,4679,0
2016-07-01,65.85,66.4,65.65,66.25,4916,0
2016-07-04,66.1,66.75,66.0,66.3,2263,0
2016-07-05,66.2,66.25,65.85,66.1,1503,0
2016-07-06,65.6,65.6,64.7,64.9,2196,0
2016-07-07,65.45,65.75,65.35,65.7,2000,0
2016-07-11,66.7,67.25,66.7,67.0,3641,0
2016-07-12,67.15,67.6,67.15,67.6,3020,0
2016-07-13,67.85,67.9,67.1,67.65,3174,0
2016-07-14,67.5,67.85,67.3,67.7,2189,0
2016-07-15,67.8,68.5,67.8,68.5,3608,0
2016-07-18,68.45,69.15,68.45,69.15,4314,0
2016-07-19,69.2,69.3,68.8,69.25,2165,0
2016-07-20,69.0,69.3,68.8,69.2,3976,0
2016-07-21,69.45,69.9,69.35,69.55,2239,0
2016-07-22,69.55,69.7,69.2,69.3,1280,0
2016-07-25,69.5,69.95,68.35,69.0,1939,0
2016-07-26,69.0,69.4,68.85,69.4,1815,0
2016-07-27,69.65,69.95,69.5,69.7,2026,0
2016-07-28,69.0,69.25,68.6,69.05,1682,0
2016-07-29,68.85,69.2,68.55,68.55,3355,0
2016-08-01,68.8,69.45,68.8,69.3,1682,0
2016-08-02,69.25,69.4,69.1,69.3,1216,0
2016-08-03,68.5,68.9,68.05,68.75,1470,0
2016-08-04,68.85,68.95,68.35,68.9,1144,0
2016-08-05,69.1,69.75,68.9,69.6,2242,0
2016-08-08,70.0,70.25,69.7,70.05,1664,0
2016-08-09,70.0,70.45,69.95,70.4,2128,0
2016-08-10,70.3,70.6,70.05,70.6,1312,0
2016-08-11,70.2,70.55,69.45,69.95,1445,0
2016-08-12,70.15,70.5,70.05,70.2,1246,0
2016-08-15,70.2,70.5,69.9,70.35,869,0
2016-08-16,70.3,70.5,69.7,69.95,1249,0
2016-08-17,69.9,70.1,69.75,70.05,3274,0
2016-08-18,70.0,70.15,69.8,69.9,559,0
2016-08-19,69.9,70.45,69.2,69.2,1432,0
2016-08-22,69.0,69.15,68.45,68.7,1495,0
2016-08-23,68.9,69.6,68.9,69.4,851,0
2016-08-24,69.35,69.55,69.2,69.2,585,0
2016-08-25,69.3,70.15,69.3,70.0,1233,0
2016-08-26,69.95,70.3,69.8,70.1,786,0
2016-08-29,69.9,70.15,69.2,70.05,829,0
2016-08-30,70.0,70.25,69.8,70.0,647,0
2016-08-31,69.85,70.05,69.3,69.4,1043,0
2016-09-01,69.3,69.3,68.6,69.05,1212,0
2016-09-02,69.1,69.3,68.8,69.15,577,0
2016-09-05,69.8,70.3,69.8,70.3,1576,0
2016-09-06,70.25,70.9,70.25,70.85,1940,0
2016-09-07,70.95,71.9,70.95,71.85,2834,0
2016-09-08,71.8,71.8,71.4,71.6,724,0
2016-09-09,70.9,70.9,70.35,70.4,1163,0
2016-09-10,69.15,69.6,69.0,69.4,1835,0
2016-09-12,69.35,69.35,68.7,68.85,1986,0
2016-09-13,69.1,69.2,68.2,68.85,1413,0
2016-09-14,68.5,69.05,68.45,68.45,1162,0
2016-09-19,69.4,71.0,69.4,71.0,2918,0
2016-09-20,70.9,71.0,70.6,70.9,796,0
2016-09-21,70.75,71.35,70.55,71.25,3370,0
2016-09-22,71.9,72.0,71.25,71.4,1128,0
2016-09-23,71.5,71.9,71.4,71.9,1607,0
2016-09-26,71.5,71.5,71.0,71.0,765,0
2016-09-29,71.85,72.15,71.4,71.9,2068,0
2016-09-30,71.15,71.35,70.8,70.95,820,0
2016-10-03,71.2,71.6,71.1,71.45,851,0
2016-10-04,71.45,71.75,71.3,71.75,718,0
2016-10-05,71.6,71.85,71.45,71.5,489,0
2016-10-06,71.7,71.75,71.45,71.7,520,0
2016-10-07,71.6,71.8,71.6,71.65,516,0
2016-10-11,72.35,72.45,71.2,71.45,1371,0
2016-10-12,71.5,72.3,71.35,72.25,1398,0
2016-10-13,72.2,72.3,71.45,71.7,785,0
2016-10-14,71.3,71.9,71.3,71.45,856,0
2016-10-17,71.45,71.6,70.6,71.45,920,0
2016-10-18,71.5,71.95,71.3,71.95,796,0
2016-10-19,72.0,72.6,72.0,72.35,3246,0
2016-10-20,72.35,72.75,72.35,72.65,1259,0
2016-10-21,72.65,73.05,72.55,72.6,749,0
2016-10-24,72.85,72.95,72.6,72.7,598,0
2016-10-25,72.85,73.5,72.85,73.4,1070,0
2016-10-26,73.0,73.15,72.9,73.0,469,0
2016-10-27,73.0,73.15,72.4,72.6,629,0
2016-10-28,72.6,72.75,72.45,72.6,366,0
2016-10-31,72.25,72.7,71.7,72.6,717,0
2016-11-01,72.25,72.6,72.1,72.6,391,0
2016-11-02,71.95,72.0,71.6,71.75,1116,0
2016-11-03,71.45,71.6,71.1,71.2,1299,0
2016-11-04,71.0,71.2,70.85,71.0,1093,0
2016-11-07,71.8,72.0,71.45,72.0,1544,0
2016-11-08,72.15,72.4,72.0,72.35,847,0
2016-11-09,72.85,73.05,70.0,70.0,4810,0
2016-11-10,71.8,72.1,71.75,72.0,1932,0
2016-11-11,70.35,70.7,69.95,70.05,2688,0
2016-11-14,69.95,70.3,69.45,70.1,1670,0
2016-11-15,69.8,70.1,69.75,69.9,1309,0
2016-11-16,70.2,70.5,69.95,70.0,5009,0
2016-11-17,70.0,70.2,69.75,70.2,1622,0
2016-11-18,70.1,70.4,69.9,70.4,598,0
2016-11-21,70.3,70.5,70.1,70.5,539,0
2016-11-22,70.75,71.65,70.75,71.45,1725,0
2016-11-23,71.5,71.9,71.45,71.8,710,0
2016-11-24,71.6,71.6,71.2,71.4,676,0
2016-11-25,71.35,71.65,71.25,71.35,581,0
2016-11-28,71.35,72.0,71.35,71.75,788,0
2016-11-29,71.9,72.0,71.65,71.65,452,0
2016-11-30,71.7,71.9,71.5,71.7,595,0
2016-12-01,71.6,72.1,71.6,72.0,666,0
2016-12-02,71.2,71.2,70.9,71.2,736,0
2016-12-05,71.2,71.2,70.8,71.1,367,0
2016-12-06,71.8,72.2,71.75,72.0,768,0
2016-12-07,72.2,72.35,71.9,72.0,475,0
2016-12-08,72.3,73.0,72.3,72.9,1529,0
2016-12-09,73.05,73.2,72.95,73.15,1389,0
2016-12-12,73.3,73.55,72.75,72.85,1319,0
2016-12-13,72.85,73.0,72.65,72.95,888,0
2016-12-14,73.2,73.3,72.9,73.1,1333,0
2016-12-15,72.55,73.0,72.4,73.0,548,0
2016-12-16,72.8,72.8,72.3,72.3,491,0
2016-12-19,72.25,72.3,71.85,71.85,892,0
2016-12-20,71.95,71.95,71.55,71.75,634,0
2016-12-21,71.75,71.85,71.5,71.7,2904,0
2016-12-22,71.55,71.55,70.8,70.8,2011,0
2016-12-23,70.6,70.85,70.35,70.55,1671,0
2016-12-26,70.65,70.8,70.55,70.8,740,0
2016-12-27,70.8,70.9,70.65,70.75,613,0
2016-12-28,70.85,71.6,70.85,71.6,885,0
2016-12-29,71.45,71.45,71.2,71.25,685,0
2016-12-30,71.65,72.0,71.55,71.8,660,0
2017-01-03,71.7,71.9,71.5,71.9,451,0
2017-01-04,72.0,72.1,71.75,71.85,614,0
2017-01-05,71.85,72.5,71.8,72.5,1236,0
2017-01-06,72.45,72.75,72.45,72.65,980,0
2017-01-09,72.75,72.95,72.3,72.45,1057,0
2017-01-10,72.45,72.6,72.4,72.4,422,0
2017-01-11,72.8,72.85,72.4,72.4,589,0
2017-01-12,72.6,73.3,72.6,73.15,1399,0
2017-01-13,72.8,72.8,72.6,72.6,835,0
2017-01-16,72.4,72.4,71.8,72.0,881,0
2017-01-17,72.0,72.4,72.0,72.3,494,0
2017-01-18,72.2,72.2,72.05,72.15,679,0
2017-01-19,71.85,72.1,71.6,71.95,665,0
2017-01-20,71.95,72.25,71.95,72.15,1433,0
2017-01-23,72.55,73.0,72.55,72.75,1534,0
2017-01-24,73.0,73.3,72.9,73.3,1858,0
2017-02-02,73.5,73.65,72.75,72.9,1808,0
2017-02-03,72.95,73.15,72.65,72.85,1203,0
2017-02-06,73.0,73.4,72.95,73.25,1195,0
2017-02-07,73.1,73.45,73.1,73.3,1897,0
2017-02-08,71.9,71.9,71.35,71.75,2095,0
2017-02-09,71.75,72.2,71.65,72.0,857,0
2017-02-10,72.1,72.95,72.1,72.8,1148,0
2017-02-13,72.8,73.1,72.8,72.95,924,0
2017-02-14,73.4,73.5,73.1,73.2,1379,0
2017-02-15,73.3,73.9,73.2,73.9,2298,0
2017-02-16,74.0,74.2,73.35,73.45,1713,0
2017-02-17,73.65,73.7,73.35,73.35,1184,0
2017-02-18,73.3,73.55,73.2,73.5,1190,0
2017-02-20,73.55,73.65,73.1,73.1,1401,0
2017-02-21,73.2,73.4,73.05,73.25,527,0
2017-02-22,73.6,73.7,73.15,73.3,484,0
2017-02-23,73.25,73.55,73.1,73.1,571,0
2017-02-24,73.05,73.3,72.85,73.15,615,0
2017-03-01,73.1,73.1,72.35,72.35,1270,0
2017-03-02,72.95,73.25,72.25,72.55,1735,0
2017-03-03,72.3,72.35,72.0,72.1,1751,0
2017-03-06,72.05,72.25,72.0,72.15,882,0
2017-03-07,72.25,72.6,72.25,72.45,833,0
2017-03-08,72.65,72.85,72.45,72.85,842,0
2017-03-09,72.6,72.6,71.95,72.05,1599,0
2017-03-10,71.95,72.05,71.55,72.0,1558,0
2017-03-13,72.15,72.5,72.15,72.5,779,0
2017-03-14,72.6,73.1,72.6,73.0,1207,0
2017-03-15,72.8,73.0,72.6,72.85,1293,0
2017-03-16,73.3,73.85,73.3,73.8,2754,0
2017-03-17,73.85,74.1,73.75,74.0,2375,0
2017-03-20,73.95,74.15,73.85,73.95,1028,0
2017-03-21,74.3,74.9,74.3,74.9,1843,0
2017-03-22,74.25,74.25,74.0,74.2,1268,0
2017-03-23,74.6,74.65,74.15,74.35,687,0
2017-03-24,74.35,74.4,74.1,74.25,548,0
2017-03-27,74.0,74.4,73.85,74.2,582,0
2017-03-28,74.55,74.6,73.95,74.25,1726,0
2017-03-29,74.45,74.5,74.0,74.0,551,0
2017-03-30,74.0,74.25,73.9,73.9,424,0
2017-03-31,73.95,74.1,73.7,73.7,614,0
2017-04-05,73.95,74.8,73.95,74.65,1177,0
2017-04-06,74.8,74.8,74.3,74.4,880,0
2017-04-07,74.3,74.3,73.4,74.1,887,0
2017-04-10,74.1,74.25,74.0,74.2,394,0
2017-04-11,74.1,74.4,73.75,73.9,647,0
2017-04-12,73.9,74.1,73.65,74.05,802,0
2017-04-13,73.9,74.45,73.9,74.4,877,0
2017-04-14,73.9,73.9,73.5,73.55,1263,0
2017-04-17,73.55,73.8,73.35,73.6,1008,0
2017-04-18,73.85,74.0,73.5,73.6,671,0
2017-04-19,73.1,73.25,72.65,72.8,3402,0
2017-04-20,72.55,72.9,72.5,72.8,1420,0
2017-04-21,73.25,73.5,73.1,73.5,1035,0
2017-04-24,73.9,73.95,73.45,73.65,896,0
2017-04-25,73.85,74.4,73.7,74.35,1525,0
2017-04-26,74.7,74.7,74.4,74.55,953,0
2017-04-27,74.35,74.5,74.15,74.5,734,0
2017-04-28,74.5,74.6,74.3,74.55,938,0
2017-05-02,75.0,75.4,75.0,75.2,2827,0
2017-05-03,75.3,75.65,75.3,75.55,1708,0
2017-05-04,75.55,75.65,75.35,75.65,1145,0
2017-05-05,75.45,75.45,75.1,75.15,1320,0
2017-05-08,75.55,75.7,75.25,75.7,1054,0
2017-05-09,75.7,76.5,75.7,75.95,1120,0
2017-05-10,76.15,76.35,76.0,76.25,638,0
2017-05-11,76.1,76.5,76.0,76.5,736,0
2017-05-12,76.25,76.5,76.15,76.3,539,0
2017-05-15,76.3,76.55,76.2,76.5,539,0
2017-05-16,76.5,76.6,76.25,76.5,803,0
2017-05-17,76.3,76.4,76.05,76.3,476,0
2017-05-18,75.65,75.9,75.3,75.9,943,0
2017-05-19,75.65,75.9,75.65,75.85,297,0
2017-05-22,75.95,76.15,75.75,76.05,761,0
2017-05-23,76.05,76.45,76.0,76.35,568,0
2017-05-24,76.35,76.45,76.25,76.3,645,0
2017-05-25,76.7,77.0,76.45,77.0,1568,0
2017-05-26,77.0,77.15,76.75,76.95,598,0
2017-05-31,76.95,77.5,76.4,76.5,765,0
2017-06-01,76.5,76.9,76.5,76.9,782,0
2017-06-02,77.3,77.3,77.05,77.2,733,0
2017-06-03,77.25,77.4,77.25,77.4,541,0
2017-06-05,77.35,78.0,77.25,78.0,849,0
2017-06-06,77.95,77.95,77.7,77.95,618,0
2017-06-07,77.9,78.1,77.7,77.95,485,0
2017-06-08,77.95,78.25,77.8,78.25,489,0
2017-06-09,78.05,78.35,77.95,78.0,1261,0
2017-06-12,77.15,77.5,77.05,77.15,1008,0
2017-06-13,77.15,77.3,77.0,77.25,437,0
2017-06-14,77.4,77.4,76.5,76.85,775,0
2017-06-15,76.8,76.9,76.6,76.9,473,0
2017-06-16,76.9,77.7,76.85,77.7,711,0
2017-06-19,77.7,78.55,77.7,78.55,1459,0
2017-06-20,78.6,79.65,78.6,79.45,1306,0
2017-06-21,79.2,79.9,78.85,79.55,2001,0
2017-06-22,79.6,79.85,79.55,79.75,1120,0
2017-06-23,79.75,80.05,79.65,79.7,3426,0
2017-06-26,79.8,81.5,79.8,81.4,2367,0
2017-06-27,81.4,81.5,81.0,81.3,1145,0
2017-06-28,80.9,81.05,80.3,80.55,2321,0
2017-06-29,81.0,81.05,80.5,80.65,513,0
2017-06-30,80.1,80.4,79.8,80.4,854,0
2017-07-03,80.4,80.6,80.2,80.45,619,0
2017-07-04,80.45,80.6,80.0,80.0,522,0
2017-07-05,80.1,80.75,79.75,80.75,765,0
2017-07-06,80.75,80.75,80.2,80.4,715,0
2017-07-07,80.25,80.25,79.8,79.95,1199,0
2017-07-10,80.0,80.45,80.0,80.35,1183,0
2017-07-11,80.7,81.55,80.55,81.55,1699,0
2017-07-12,81.5,81.8,81.3,81.55,1168,0
2017-07-13,81.95,82.4,81.75,82.2,1055,0
2017-07-14,82.0,82.15,81.8,82.05,903,0
2017-07-17,82.5,82.55,82.0,82.2,916,0
2017-07-18,82.2,82.4,81.85,82.4,799,0
2017-07-19,82.35,83.0,82.35,82.7,2647,0
2017-07-20,82.85,82.9,82.55,82.65,564,0
2017-07-21,82.6,82.6,82.05,82.1,1448,0
2017-07-24,81.95,82.3,81.75,82.3,973,0
2017-07-25,82.3,82.5,82.1,82.45,676,0
2017-07-26,82.55,82.75,82.05,82.15,865,0
2017-07-27,82.2,83.0,82.2,83.0,696,0
2017-07-28,82.4,82.45,81.95,82.1,1291,0
2017-07-31,81.45,81.5,81.05,81.35,879,0
2017-08-01,82.15,82.15,81.55,81.8,732,0
2017-08-02,82.0,82.65,82.0,82.5,1221,0
2017-08-03,81.85,82.35,81.7,82.2,827,0
2017-08-04,82.15,82.35,82.05,82.35,427,0
2017-08-07,82.45,83.0,82.45,82.95,1251,0
2017-08-08,83.05,83.25,82.55,82.9,728,0
2017-08-09,82.55,82.6,82.05,82.15,1325,0
2017-08-10,82.35,82.45,81.35,81.6,1480,0
2017-08-11,80.85,81.35,80.75,81.25,1267,0
2017-08-14,81.45,81.6,80.75,80.75,1259,0
2017-08-15,81.3,81.5,80.95,81.3,1240,0
2017-08-16,81.15,81.25,80.6,81.0,3347,0
2017-08-17,81.25,81.7,81.15,81.65,1359,0
2017-08-18,81.0,81.15,80.65,81.15,1477,0
2017-08-21,81.05,81.2,80.75,81.05,1214,0
2017-08-22,81.45,81.9,81.45,81.85,1808,0
2017-08-23,82.0,82.25,81.75,81.75,1548,0
2017-08-24,81.85,82.55,81.85,82.55,1621,0
2017-08-25,82.65,82.75,82.4,82.7,1497,0
2017-08-28,82.7,82.8,82.4,82.55,1625,0
2017-08-29,82.25,82.4,81.95,82.3,758,0
2017-08-30,82.65,82.9,82.6,82.7,1574,0
2017-08-31,83.15,83.15,82.7,82.95,863,0
2017-09-01,82.95,83.2,82.65,83.0,1242,0
2017-09-04,82.9,83.05,82.7,82.85,1249,0
2017-09-05,82.9,83.0,82.65,82.95,894,0
2017-09-06,82.7,82.9,82.35,82.6,733,0
2017-09-07,82.8,82.85,82.2,82.25,523,0
2017-09-08,82.4,82.9,82.4,82.7,460,0
2017-09-11,83.25,83.35,82.5,82.55,641,0
2017-09-12,82.95,83.05,82.65,82.85,484,0
2017-09-13,82.9,83.0,82.25,82.3,853,0
2017-09-14,82.3,82.55,82.15,82.35,543,0
2017-09-15,82.35,82.5,82.1,82.35,666,0
2017-09-18,82.85,83.15,82.6,83.15,1093,0
2017-09-19,83.2,83.3,82.65,82.75,689,0
2017-09-20,82.5,82.65,82.1,82.2,3861,0
2017-09-21,82.05,82.8,81.95,82.7,677,0
2017-09-22,82.6,82.6,81.55,81.6,1799,0
2017-09-25,81.55,81.55,80.75,80.95,3080,0
2017-09-26,80.8,81.05,80.3,80.3,4705,0
2017-09-27,80.6,80.9,80.55,80.7,2313,0
2017-09-28,80.75,80.8,80.3,80.4,2076,0
2017-09-29,80.45,80.65,80.3,80.65,1210,0
2017-09-30,81.0,81.2,80.85,81.2,801,0
2017-10-02,81.25,81.6,81.25,81.5,931,0
2017-10-03,81.55,81.7,81.3,81.5,573,0
2017-10-05,81.5,82.1,81.5,81.85,851,0
2017-10-06,82.1,82.2,81.95,82.1,1028,0
2017-10-11,82.45,83.4,82.45,83.4,5338,0
2017-10-12,83.55,84.2,83.55,84.2,3463,0
2017-10-13,83.95,84.05,83.75,84.05,1384,0
2017-10-16,84.05,84.5,84.05,84.5,1852,0
2017-10-17,84.55,84.7,84.3,84.3,1105,0
2017-10-18,84.8,85.0,84.3,84.6,1094,0
2017-10-19,84.7,85.2,84.7,84.9,895,0
2017-10-20,84.4,84.85,84.4,84.55,620,0
2017-10-23,84.7,84.95,84.45,84.5,527,0
2017-10-24,84.5,84.5,84.2,84.4,408,0
2017-10-25,84.3,84.6,84.2,84.35,545,0
2017-10-26,84.15,84.4,84.0,84.25,792,0
2017-10-27,84.3,84.75,84.2,84.3,561,0
2017-10-30,85.1,85.35,84.8,84.95,709,0
2017-10-31,85.0,85.35,84.8,85.2,552,0
2017-11-01,85.35,85.4,84.95,85.1,430,0
2017-11-02,84.95,85.05,84.7,84.8,479,0
2017-11-03,84.95,85.05,84.6,84.7,483,0
2017-11-06,85.2,85.3,84.6,84.85,749,0
2017-11-07,85.0,85.3,84.85,85.3,827,0
2017-11-08,85.2,85.2,84.95,84.95,399,0
2017-11-09,84.95,85.05,84.4,84.4,562,0
2017-11-10,84.3,84.55,83.95,84.55,552,0
2017-11-13,84.25,84.4,84.2,84.3,552,0
2017-11-14,84.3,84.3,83.95,84.15,620,0
2017-11-15,83.8,83.85,83.15,83.3,2923,0
2017-11-16,83.3,83.75,83.2,83.6,1253,0
2017-11-17,84.3,84.45,84.15,84.35,1336,0
2017-11-20,84.4,84.45,83.9,84.0,1105,0
2017-11-21,83.9,84.8,83.9,84.75,1019,0
2017-11-22,85.15,85.6,84.9,85.15,1676,0
2017-11-23,85.15,85.35,84.95,85.2,597,0
2017-11-24,85.25,85.3,84.95,85.15,530,0
2017-11-27,85.15,85.15,84.1,84.15,899,0
2017-11-28,83.95,84.0,83.5,83.6,1014,0
2017-11-29,83.65,83.95,83.55,83.7,559,0
2017-11-30,83.0,83.0,82.25,82.25,2887,0
2017-12-01,82.15,82.9,81.65,82.6,2376,0
2017-12-04,82.65,82.95,82.35,82.9,673,0
2017-12-05,82.55,82.65,82.2,82.25,1308,0
2017-12-06,82.1,82.1,80.85,80.85,6470,0
2017-12-07,81.2,81.25,80.45,80.9,3451,0
2017-12-08,81.5,81.5,80.65,80.9,2684,0
2017-12-11,81.2,81.65,81.2,81.5,1611,0
2017-12-12,81.4,81.5,80.55,80.95,1585,0
2017-12-13,81.1,81.2,80.9,81.0,777,0
2017-12-14,81.55,82.0,81.35,81.75,882,0
2017-12-15,81.65,81.65,80.65,81.1,1649,0
2017-12-18,81.2,81.25,80.85,81.2,787,0
2017-12-19,81.2,81.4,80.7,80.8,885,0
2017-12-20,80.8,81.1,80.75,81.05,1310,0
2017-12-21,81.1,81.35,81.0,81.0,521,0
2017-12-22,80.8,81.35,80.7,81.3,546,0
2017-12-25,81.3,81.55,81.3,81.45,557,0
2017-12-26,81.45,81.45,80.5,80.65,1118,0
2017-12-27,80.6,80.9,80.55,80.9,675,0
2017-12-28,81.25,81.75,81.25,81.7,962,0
2017-12-29,81.75,82.2,81.75,82.15,1612,0
2018-01-02,82.15,82.6,82.15,82.6,1795,0
2018-01-03,82.95,83.45,82.95,83.35,3014,0
2018-01-04,83.5,83.65,83.2,83.5,2278,0
2018-01-05,83.5,83.8,83.3,83.75,2562,0
2018-01-08,83.8,84.15,83.7,84.1,2282,0
2018-01-09,84.1,84.25,83.9,84.15,1340,0
2018-01-10,84.1,84.25,83.55,83.75,1073,0
2018-01-11,83.65,83.7,83.1,83.4,735,0
2018-01-12,83.55,84.2,83.5,84.1,1002,0
2018-01-15,84.55,84.7,84.4,84.65,1126,0
2018-01-16,84.65,85.0,84.5,85.0,1295,0
2018-01-17,84.65,85.45,84.65,85.15,2017,0
2018-01-18,85.5,86.55,85.5,86.3,2272,0
2018-01-19,86.35,87.15,86.35,87.15,1445,0
2018-01-22,87.15,87.95,87.15,87.95,1746,0
2018-01-23,88.05,88.4,87.9,88.3,1842,0
2018-01-24,88.0,88.0,86.85,87.2,1869,0
2018-01-25,87.25,88.3,87.15,87.45,1652,0
2018-01-26,87.45,87.6,86.85,87.5,3087,0
2018-01-29,85.5,86.15,85.2,85.55,3453,0
2018-01-30,85.2,85.35,84.5,84.55,2337,0
2018-01-31,84.4,85.0,84.15,84.65,1176,0
2018-02-01,84.75,85.5,84.75,85.25,897,0
2018-02-02,84.85,85.15,84.35,84.9,880,0
2018-02-05,83.2,83.75,82.9,83.6,2875,0
2018-02-06,80.85,81.1,78.8,79.65,11372,0
2018-02-07,81.35,81.4,80.6,80.65,5189,0
2018-02-08,80.65,80.95,80.3,80.6,1972,0
2018-02-09,78.6,79.2,78.0,79.05,6760,0
2018-02-12,79.55,79.9,79.4,79.7,3828,0
2018-02-21,81.4,81.7,81.1,81.5,4541,0
2018-02-22,81.5,81.5,80.75,81.0,1744,0
2018-02-23,81.4,82.1,81.4,82.0,1793,0
2018-02-26,82.55,82.8,82.35,82.4,1380,0
2018-02-27,83.1,83.2,82.35,82.35,2037,0
2018-03-01,81.55,81.95,81.15,81.75,2554,0
2018-03-02,80.85,81.2,80.45,81.15,2846,0
2018-03-05,81.1,81.5,80.65,80.75,1223,0
2018-03-06,81.65,82.15,81.6,82.15,1756,0
2018-03-07,81.75,82.45,81.7,81.8,1029,0
2018-03-08,82.15,82.8,82.15,82.75,1396,0
2018-03-09,82.9,83.0,82.7,82.85,986,0
2018-03-12,83.6,84.25,83.55,84.15,2942,0
2018-03-13,84.35,84.95,84.3,84.95,3126,0
2018-03-14,84.35,84.45,84.0,84.3,1373,0
2018-03-15,84.0,84.3,83.9,84.25,1533,0
2018-03-16,84.0,84.2,83.1,83.9,1652,0
2018-03-19,83.65,84.1,83.45,83.85,892,0
2018-03-20,83.2,83.8,83.2,83.8,1019,0
2018-03-21,83.8,84.1,83.6,83.85,2337,0
2018-03-22,84.0,84.6,83.45,83.55,1608,0
2018-03-23,81.85,82.4,81.8,82.1,2816,0
2018-03-26,81.85,82.2,81.6,82.2,1837,0
2018-03-27,83.0,83.4,82.95,83.4,1015,0
2018-03-28,82.9,82.9,82.2,82.25,1306,0
2018-03-29,82.25,82.35,81.8,82.1,1127,0
2018-03-30,82.65,83.05,82.65,82.85,1285,0
2018-03-31,82.85,83.05,82.75,82.95,495,0
2018-04-02,82.85,82.95,82.15,82.25,1099,0
2018-04-03,81.5,81.55,81.2,81.5,2624,0
2018-04-09,82.15,82.3,81.6,82.2,1167,0
2018-04-10,82.1,82.85,81.75,82.5,1039,0
2018-04-11,82.9,83.1,82.75,82.85,1252,0
2018-04-12,83.05,83.15,82.25,82.5,1267,0
2018-04-13,82.7,82.8,82.3,82.5,792,0
2018-04-16,82.65,82.65,82.0,82.3,761,0
2018-04-17,82.4,82.4,81.35,81.4,2223,0
2018-04-18,81.6,82.1,81.35,81.6,1306,0
2018-04-19,81.9,82.65,81.9,82.65,1200,0
2018-04-20,81.0,81.1,80.5,80.75,3705,0
2018-04-23,80.25,80.45,79.9,79.95,5274,0
2018-04-24,79.9,79.95,79.05,79.55,6924,0
2018-04-25,79.25,79.3,78.8,79.3,7679,0
2018-04-26,79.7,79.7,78.8,79.05,6863,0
2018-04-27,79.6,79.65,78.8,79.2,4730,0
2018-04-30,79.65,80.15,79.05,80.0,2677,0
2018-05-02,80.05,80.15,79.4,79.4,2584,0
2018-05-03,79.05,79.05,78.35,78.55,4248,0
2018-05-04,78.55,79.0,78.4,78.95,1860,0
2018-05-07,79.5,79.55,78.8,79.5,1752,0
2018-05-08,79.4,80.05,79.35,80.0,2272,0
2018-05-09,80.0,80.55,80.0,80.45,1914,0
2018-05-10,80.7,80.7,80.45,80.65,3239,0
2018-05-11,81.1,81.7,81.05,81.6,6364,0
2018-05-14,82.0,82.6,81.9,82.5,6171,0
2018-05-15,82.35,82.4,81.65,81.65,2449,0
2018-05-16,81.45,81.8,81.4,81.75,2922,0
2018-05-17,81.95,82.0,81.2,81.2,1009,0
2018-05-18,81.2,81.5,80.85,80.95,1051,0
2018-05-21,81.2,82.1,81.2,82.05,1717,0
2018-05-22,81.8,82.3,81.75,81.75,834,0
2018-05-23,81.9,82.0,81.3,81.35,663,0
2018-05-24,81.35,81.7,81.25,81.55,460,0
2018-05-25,81.55,82.05,81.4,81.85,1454,0
2018-05-28,82.05,82.25,82.0,82.2,1601,0
2018-05-29,82.2,82.2,81.5,81.85,580,0
2018-05-30,81.4,81.4,80.3,80.4,3017,0
2018-05-31,80.8,80.95,80.55,80.75,733,0
2018-06-01,80.8,81.45,80.8,81.35,818,0
2018-06-04,81.8,82.6,81.8,82.6,2675,0
2018-06-05,82.7,82.7,82.25,82.5,1361,0
2018-06-06,82.65,83.35,82.65,83.3,2988,0
2018-06-07,83.5,83.6,83.0,83.45,1499,0
2018-06-08,83.3,83.3,82.5,82.55,980,0
2018-06-11,82.8,82.95,82.4,82.65,838,0
2018-06-12,82.25,82.5,81.95,82.5,697,0
2018-06-13,82.45,83.1,82.35,83.0,1475,0
2018-06-14,82.5,82.55,81.75,81.75,1517,0
2018-06-15,81.6,81.95,81.2,81.95,1377,0
2018-06-19,81.1,81.2,80.6,80.6,2728,0
2018-06-20,80.65,81.7,80.3,81.5,4099,0
2018-06-21,81.5,81.6,81.2,81.25,1305,0
2018-06-22,80.8,81.2,80.35,81.15,2708,0
2018-06-25,80.85,81.05,80.7,80.9,3482,0
2018-06-26,80.7,80.7,80.0,80.7,7473,0
2018-06-27,80.75,80.9,80.3,80.4,3764,0
2018-06-28,80.05,80.4,79.8,80.05,4165,0
2018-06-29,80.3,81.55,80.2,81.45,3155,0
2018-07-02,81.5,81.9,81.0,81.05,1476,0
2018-07-03,81.3,81.95,80.6,81.15,1445,0
2018-07-04,81.15,81.6,81.1,81.4,720,0
2018-07-05,81.45,81.45,80.6,80.75,1163,0
2018-07-06,81.1,81.15,80.2,80.95,1679,0
2018-07-09,81.75,82.45,81.55,82.25,2919,0
2018-07-10,82.65,82.8,82.35,82.45,2340,0
2018-07-11,81.7,81.9,81.3,81.7,1081,0
2018-07-12,81.6,82.65,81.5,82.65,2051,0
2018-07-13,83.0,83.4,82.8,83.35,4818,0
2018-07-16,83.3,83.45,83.0,83.0,1945,0
2018-07-17,82.85,82.85,82.4,82.55,949,0
2018-07-18,83.15,83.5,82.95,83.05,6528,0
2018-07-19,83.1,83.8,83.05,83.3,3471,0
2018-07-20,84.0,84.7,84.0,84.65,5400,0
2018-07-23,84.3,84.75,83.85,84.55,2543,0
2018-07-24,84.45,84.7,84.15,84.7,2053,0
2018-07-25,84.05,84.85,84.05,84.75,1862,0
2018-07-26,84.75,85.25,84.75,85.0,2884,0
2018-07-27,85.1,85.75,85.1,85.7,1942,0
2018-07-30,85.65,85.9,85.4,85.55,1179,0
2018-07-31,85.35,85.7,85.05,85.55,1056,0
2018-08-01,85.8,86.2,85.8,86.15,1507,0
2018-08-02,86.1,86.15,84.85,84.85,1255,0
2018-08-03,85.4,85.7,85.35,85.55,661,0
2018-08-06,85.55,86.1,85.35,85.7,1169,0
2018-08-07,85.7,85.8,85.4,85.5,893,0
2018-08-08,85.8,86.4,85.8,86.15,1274,0
2018-08-09,86.1,86.25,85.7,86.15,860,0
2018-08-10,85.7,86.15,85.65,85.7,717,0
2018-08-13,85.05,85.05,83.65,83.95,3154,0
2018-08-14,84.4,84.6,84.05,84.55,1082,0
2018-08-15,84.5,84.5,83.45,83.75,2778,0
2018-08-16,83.25,84.1,83.05,83.8,1957,0
2018-08-17,83.95,84.15,83.6,83.65,1655,0
2018-08-20,83.9,84.1,83.7,83.95,1466,0
2018-08-21,83.9,84.65,83.9,84.55,1700,0
2018-08-22,84.7,84.85,84.35,84.65,1156,0
2018-08-23,84.8,85.2,84.6,85.05,903,0
2018-08-24,85.0,85.1,84.45,84.8,810,0
2018-08-27,85.0,85.55,85.0,85.55,1853,0
2018-08-28,85.95,86.4,85.95,86.25,2833,0
2018-08-29,86.45,87.35,86.45,87.25,4145,0
2018-08-30,87.8,88.35,87.45,87.55,3515,0
2018-08-31,87.0,87.0,86.45,86.95,2097,0
2018-09-03,86.95,87.2,86.4,86.45,1852,0
2018-09-04,86.8,87.0,86.45,87.0,1553,0
2018-09-05,87.0,87.3,86.7,87.0,1053,0
2018-09-06,86.9,86.9,86.2,86.5,1168,0
2018-09-07,86.2,86.45,86.0,86.4,1256,0
2018-09-10,86.6,86.6,85.65,86.0,2224,0
2018-09-11,85.95,86.0,85.4,85.65,7801,0
2018-09-12,85.85,85.9,85.25,85.55,7809,0
2018-09-13,85.8,85.8,84.9,84.95,9849,0
2018-09-14,85.75,86.5,85.6,86.5,3095,0
2018-09-17,86.5,86.5,85.7,85.85,2440,0
2018-09-18,85.6,85.7,85.2,85.4,2243,0
2018-09-19,85.8,86.3,85.7,86.15,3226,0
2018-09-20,86.45,86.55,85.8,85.9,1030,0
2018-09-21,86.25,86.85,85.9,86.85,2626,0
2018-09-25,86.65,87.15,86.6,87.1,2984,0
2018-09-26,86.9,87.0,86.75,86.9,2692,0
2018-09-27,86.6,87.45,86.6,87.35,8114,0
2018-09-28,87.35,87.65,86.6,86.9,4328,0
2018-10-01,86.9,87.4,86.9,87.35,2729,0
2018-10-02,87.25,87.25,86.0,86.05,2466,0
2018-10-03,86.05,86.3,85.8,85.95,1554,0
2018-10-04,85.7,85.7,84.8,84.9,4230,0
2018-10-05,84.5,84.5,83.0,83.45,11367,0
2018-10-08,82.95,83.4,82.5,83.0,16777,0
2018-10-09,83.05,83.4,82.8,83.25,9093,0
2018-10-11,80.15,80.15,77.35,77.4,29625,0
2018-10-12,77.7,80.05,77.5,80.05,11298,0
2018-10-15,79.5,79.5,78.65,79.2,12199,0
2018-10-16,79.0,79.5,78.6,79.3,6313,0
2018-10-17,80.45,80.5,79.35,79.4,8082,0
2018-10-18,79.5,79.75,78.95,79.15,3397,0
2018-10-19,78.2,79.3,78.0,79.3,3531,0
2018-10-22,78.35,79.55,78.0,79.2,3464,0
2018-10-23,78.1,78.6,77.7,77.75,8141,0
2018-10-24,77.8,77.95,76.7,77.4,5533,0
2018-10-25,75.5,76.2,75.3,75.5,7121,0
2018-10-26,76.25,76.45,74.5,75.4,6911,0
2018-10-29,75.85,76.1,75.35,75.75,3121,0
2018-10-30,75.8,76.25,75.5,75.95,2313,0
2018-10-31,76.6,77.55,76.6,77.55,4310,0
2018-11-01,77.85,78.45,77.55,78.4,3048,0
2018-11-02,78.4,78.8,78.0,78.65,3073,0
2018-11-05,78.1,78.25,77.6,78.25,2195,0
2018-11-06,78.45,78.5,77.75,78.0,2046,0
2018-11-07,78.2,78.55,78.05,78.4,2594,0
2018-11-08,79.15,79.4,78.5,78.85,3816,0
2018-11-09,78.5,78.5,77.65,77.8,2930,0
2018-11-12,77.75,78.3,77.55,78.0,1628,0
2018-11-13,76.15,77.25,75.7,77.1,3762,0
2018-11-14,77.25,77.4,77.0,77.35,1626,0
2018-11-15,77.5,77.65,76.75,77.6,1247,0
2018-11-16,77.95,77.95,76.85,76.95,2331,0
2018-11-19,77.05,77.15,76.6,76.7,1672,0
2018-11-20,76.4,76.5,75.75,76.0,3297,0
2018-11-21,75.3,76.05,74.85,76.0,3739,0
2018-11-22,76.1,76.25,75.6,75.6,2029,0
2018-11-23,75.7,75.85,75.05,75.35,2078,0
2018-11-26,75.9,76.95,75.75,76.15,2266,0
2018-11-27,75.95,76.05,75.2,76.05,2519,0
2018-11-28,76.15,76.95,75.75,76.9,2641,0
2018-11-29,77.7,77.95,77.05,77.05,2527,0
2018-11-30,77.2,77.35,76.75,76.75,1670,0
2018-12-03,77.85,79.0,77.8,78.8,7537,0
2018-12-04,78.5,78.5,78.1,78.25,1960,0
2018-12-05,77.1,77.2,76.65,76.65,3602,0
2018-12-06,75.85,75.85,74.85,75.1,10519,0
2018-12-07,75.6,75.75,75.3,75.45,4623,0
2018-12-10,74.5,74.9,74.45,74.45,5810,0
2018-12-11,74.5,75.1,74.45,75.05,2808,0
2018-12-12,75.65,76.25,75.4,76.2,3377,0
2018-12-13,76.2,76.5,75.95,76.3,2176,0
2018-12-14,75.8,75.8,74.95,75.35,3141,0
2018-12-17,75.35,76.05,75.15,75.95,2331,0
2018-12-18,75.5,75.55,75.05,75.3,2456,0
2018-12-19,75.5,75.95,75.35,75.9,2646,0
2018-12-20,75.0,75.55,75.0,75.05,5731,0
2018-12-21,74.95,75.25,74.45,75.2,2776,0
2018-12-22,74.85,74.85,74.7,74.85,1475,0
2018-12-24,74.85,75.0,74.55,74.7,4513,0
2018-12-25,74.15,74.15,73.3,73.75,5738,0
2018-12-26,74.0,74.3,73.5,73.55,3788,0
2018-12-27,74.8,75.15,74.5,75.05,5522,0
2018-12-28,75.1,75.5,74.85,75.5,2008,0
2019-01-02,75.85,75.9,73.95,74.05,4102,0
2019-01-03,73.8,74.0,73.25,73.35,5208,0
2019-01-04,72.8,72.8,72.0,72.2,8826,0
2019-01-07,73.55,74.05,73.25,73.95,4891,0
2019-01-08,74.15,74.15,73.55,73.65,2869,0
2019-01-09,73.95,75.15,73.95,75.0,5277,0
2019-01-10,74.8,74.9,74.5,74.8,1231,0
2019-01-11,75.3,75.75,75.15,75.5,3660,0
2019-01-14,75.45,75.45,74.75,75.0,2018,0
2019-01-15,75.05,75.8,75.05,75.65,5250,0
2019-01-16,75.65,75.7,75.35,75.55,5360,0
2019-01-17,75.6,75.9,75.15,75.55,3137,0
2019-01-18,75.75,76.1,75.4,75.95,5013,0
2019-01-21,76.35,76.7,76.25,76.5,3895,0
2019-01-22,74.4,74.4,73.8,74.05,4742,0
2019-01-23,74.0,74.0,73.65,73.7,3167,0
2019-01-24,73.95,74.15,73.75,74.05,1363,0
2019-01-25,74.6,75.1,74.55,75.0,3322,0
2019-01-28,75.15,75.45,75.05,75.15,1795,0
2019-01-29,74.5,74.55,74.2,74.5,2251,0
2019-01-30,74.5,74.65,74.2,74.35,1833,0
2019-02-11,75.35,75.65,74.85,75.15,3137,0
2019-02-12,75.35,75.75,75.35,75.65,2980,0
2019-02-13,75.95,75.95,75.4,75.5,1837,0
2019-02-14,75.5,75.75,75.25,75.25,1593,0
2019-02-15,75.3,75.6,74.9,75.05,1796,0
2019-02-18,75.5,75.9,75.5,75.65,3143,0
2019-02-19,75.7,75.7,75.5,75.5,2168,0
2019-02-20,75.9,76.5,75.9,76.35,9607,0
2019-02-21,76.4,77.1,76.4,77.1,4467,0
2019-02-22,76.95,76.95,76.5,76.95,6936,0
2019-02-25,77.35,77.75,77.3,77.5,4458,0
2019-02-26,77.65,77.8,77.3,77.7,5707,0
2019-02-27,77.7,77.7,77.35,77.65,3460,0
2019-03-04,77.55,77.55,76.7,76.95,4887,0
2019-03-05,76.6,76.9,76.45,76.75,2830,0
2019-03-06,76.85,77.05,76.75,76.95,3193,0
2019-03-07,76.9,77.05,76.6,76.65,1946,0
2019-03-08,76.2,76.35,75.8,76.0,2853,0
2019-03-11,75.85,76.15,75.7,76.15,2280,0
2019-03-12,76.85,77.45,76.8,77.25,3796,0
2019-03-13,77.05,77.2,76.8,77.1,1763,0
2019-03-14,77.3,77.4,76.95,77.05,1343,0
2019-03-15,77.35,77.7,77.15,77.6,3164,0
2019-03-18,77.75,78.1,77.65,78.1,4228,0
2019-03-19,78.1,78.4,77.85,78.4,2634,0
2019-03-20,78.35,78.55,78.2,78.5,4868,0
2019-03-21,78.8,79.15,78.65,79.15,3766,0
2019-03-22,79.5,79.7,79.05,79.35,2993,0
2019-03-25,78.1,78.35,78.0,78.15,2790,0
2019-03-26,78.5,78.7,78.4,78.65,1328,0
2019-03-27,78.45,78.7,78.2,78.5,959,0
2019-03-28,78.3,78.6,78.15,78.5,977,0
2019-03-29,78.7,79.15,78.25,79.15,1629,0
2019-04-01,80.0,80.4,79.6,79.85,3749,0
2019-04-02,80.1,80.45,80.1,80.15,2132,0
2019-04-03,80.4,80.45,79.95,80.15,3017,0
2019-04-08,80.8,81.0,80.7,80.9,3458,0
2019-04-09,80.95,81.4,80.85,81.4,6181,0
2019-04-10,81.1,81.55,81.1,81.5,3214,0
2019-04-11,81.35,81.55,80.9,81.15,2220,0
2019-04-12,81.15,81.3,81.0,81.1,1806,0
2019-04-15,81.65,82.0,81.55,81.85,4160,0
2019-04-16,81.85,82.15,81.8,82.1,3439,0
2019-04-17,82.3,82.9,82.3,82.75,5342,0
2019-04-18,82.9,83.35,82.45,82.7,3185,0
2019-04-19,83.25,83.5,82.7,82.8,2347,0
2019-04-22,83.0,83.1,82.65,82.7,1478,0
2019-04-23,82.7,83.2,82.55,83.05,2105,0
2019-04-24,83.4,83.55,82.9,83.2,1665,0
2019-04-25,83.1,83.45,83.0,83.4,1588,0
2019-04-26,82.8,82.8,82.2,82.45,2520,0
2019-04-29,82.6,82.95,82.5,82.8,1462,0
2019-04-30,82.8,82.9,82.4,82.8,1525,0
2019-05-02,82.95,83.45,82.9,83.0,2206,0
2019-05-03,83.1,83.8,83.1,83.75,2939,0
2019-05-06,82.6,82.6,82.05,82.3,3956,0
2019-05-07,82.65,83.3,82.65,83.15,3021,0
2019-05-08,82.4,82.85,82.25,82.55,2189,0
2019-05-09,82.15,82.2,81.25,81.55,4032,0
2019-05-10,81.55,82.15,80.9,81.5,4632,0
2019-05-13,81.1,81.1,80.1,80.15,9159,0
2019-05-14,79.6,80.05,78.9,79.65,9964,0
2019-05-15,79.65,80.0,79.45,79.75,8236,0
2019-05-16,79.5,79.6,79.0,79.05,7751,0
2019-05-17,79.5,79.55,78.25,78.25,11522,0
2019-05-20,78.5,78.8,78.15,78.2,6896,0
2019-05-21,78.0,78.45,77.7,78.4,6058,0
2019-05-22,78.2,78.65,78.1,78.4,4582,0
2019-05-23,77.85,77.85,76.85,76.95,13162,0
2019-05-24,77.05,77.5,77.0,77.35,3250,0
2019-05-27,77.5,77.5,76.85,77.15,5535,0
2019-05-28,77.25,77.25,76.85,77.1,4361,0
2019-05-29,76.5,76.8,76.3,76.75,4380,0
2019-05-30,76.75,77.5,76.75,77.4,3474,0
2019-05-31,77.35,78.45,77.3,78.45,3611,0
2019-06-03,78.2,78.65,77.65,78.55,2880,0
2019-06-04,78.45,78.6,78.0,78.05,2675,0
2019-06-05,78.85,78.95,78.25,78.3,3047,0
2019-06-06,77.7,77.85,77.45,77.7,3663,0
2019-06-10,78.65,79.05,78.35,79.05,3677,0
2019-06-11,79.2,79.8,79.05,79.4,5118,0
2019-06-12,79.4,79.8,79.25,79.7,4028,0
2019-06-13,79.4,79.55,78.95,79.05,2874,0
2019-06-14,79.0,79.15,78.8,78.9,1824,0
2019-06-17,78.45,78.95,78.1,78.7,3732,0
2019-06-18,78.8,79.0,78.6,78.9,1195,0
2019-06-19,80.0,80.8,79.95,80.75,8538,0
2019-06-20,80.75,81.0,80.65,80.85,4459,0
2019-06-21,81.1,81.2,80.8,80.85,8013,0
2019-06-24,80.8,81.5,80.7,81.2,5396,0
2019-06-25,81.15,81.4,80.6,80.75,2804,0
2019-06-26,80.6,80.6,80.25,80.35,2313,0
2019-06-27,80.55,81.6,80.55,81.5,4177,0
2019-06-28,81.45,81.55,80.85,80.9,1867,0